prediction	angry	disgust	fear	happy	sad	surprise	neutral
sad	0.289	0.020	0.124	0.001	0.405	0.001	0.160
angry	0.393	0.038	0.088	0.003	0.244	0.000	0.235
neutral	0.348	0.008	0.046	0.002	0.166	0.000	0.429
neutral	0.226	0.002	0.051	0.003	0.330	0.000	0.389
neutral	0.272	0.019	0.067	0.002	0.257	0.001	0.382
neutral	0.348	0.006	0.058	0.004	0.113	0.001	0.471
angry	0.406	0.004	0.065	0.002	0.154	0.001	0.369
angry	0.479	0.015	0.057	0.002	0.178	0.000	0.269
sad	0.206	0.041	0.100	0.003	0.344	0.001	0.305
sad	0.152	0.005	0.068	0.000	0.456	0.000	0.319
sad	0.189	0.008	0.097	0.001	0.379	0.000	0.326
angry	0.368	0.007	0.042	0.002	0.307	0.000	0.274
angry	0.437	0.026	0.063	0.002	0.176	0.000	0.297
angry	0.354	0.042	0.077	0.003	0.233	0.000	0.290
angry	0.458	0.031	0.081	0.001	0.194	0.000	0.234
angry	0.346	0.018	0.100	0.001	0.274	0.000	0.261
angry	0.330	0.071	0.092	0.001	0.304	0.000	0.202
sad	0.303	0.019	0.093	0.001	0.309	0.000	0.274
sad	0.218	0.083	0.069	0.002	0.442	0.000	0.186
sad	0.229	0.006	0.126	0.001	0.377	0.000	0.261
sad	0.218	0.032	0.130	0.001	0.346	0.000	0.274
sad	0.219	0.004	0.145	0.001	0.444	0.001	0.186
sad	0.280	0.015	0.175	0.001	0.440	0.002	0.086
sad	0.290	0.014	0.126	0.001	0.421	0.001	0.146
sad	0.238	0.018	0.124	0.002	0.472	0.001	0.145
sad	0.228	0.009	0.179	0.002	0.411	0.001	0.170
sad	0.303	0.007	0.132	0.002	0.452	0.001	0.104
sad	0.313	0.009	0.132	0.001	0.446	0.000	0.098
sad	0.296	0.007	0.127	0.001	0.456	0.000	0.113
sad	0.331	0.069	0.042	0.002	0.349	0.000	0.208
sad	0.229	0.044	0.085	0.002	0.416	0.000	0.224
happy	0.005	0.000	0.005	0.773	0.116	0.003	0.097
sad	0.257	0.014	0.107	0.002	0.426	0.000	0.195
sad	0.254	0.023	0.097	0.002	0.409	0.001	0.214
angry	0.337	0.059	0.046	0.001	0.335	0.000	0.221
sad	0.372	0.002	0.108	0.001	0.375	0.000	0.142
sad	0.297	0.015	0.135	0.002	0.430	0.000	0.121
angry	0.397	0.031	0.075	0.001	0.297	0.000	0.199
sad	0.222	0.005	0.207	0.001	0.425	0.001	0.139
sad	0.280	0.032	0.086	0.001	0.337	0.001	0.263
sad	0.298	0.013	0.162	0.000	0.386	0.000	0.140
sad	0.290	0.027	0.129	0.001	0.432	0.000	0.121
angry	0.419	0.011	0.088	0.001	0.339	0.000	0.142
sad	0.345	0.010	0.140	0.001	0.365	0.000	0.138
angry	0.374	0.014	0.077	0.002	0.346	0.000	0.187
angry	0.567	0.033	0.069	0.002	0.246	0.001	0.081
sad	0.310	0.020	0.098	0.002	0.454	0.000	0.117
sad	0.350	0.006	0.137	0.001	0.432	0.000	0.074
sad	0.287	0.014	0.149	0.001	0.437	0.000	0.113
sad	0.237	0.016	0.104	0.001	0.519	0.000	0.123
sad	0.315	0.010	0.142	0.001	0.389	0.000	0.142
angry	0.429	0.010	0.077	0.002	0.371	0.000	0.110
sad	0.372	0.020	0.089	0.001	0.427	0.000	0.090
angry	0.368	0.089	0.127	0.001	0.325	0.000	0.089
angry	0.394	0.009	0.074	0.002	0.389	0.000	0.132
sad	0.347	0.008	0.137	0.002	0.419	0.000	0.087
sad	0.228	0.005	0.143	0.000	0.528	0.001	0.095
sad	0.155	0.008	0.162	0.001	0.538	0.002	0.134
sad	0.290	0.010	0.090	0.001	0.493	0.000	0.116
sad	0.226	0.019	0.093	0.001	0.501	0.000	0.161
sad	0.223	0.013	0.129	0.001	0.534	0.000	0.099
sad	0.277	0.023	0.070	0.001	0.537	0.000	0.092
sad	0.277	0.012	0.080	0.001	0.504	0.000	0.126
sad	0.293	0.016	0.082	0.001	0.464	0.000	0.144
sad	0.334	0.007	0.088	0.001	0.456	0.000	0.114
sad	0.272	0.005	0.077	0.001	0.523	0.000	0.122
sad	0.269	0.013	0.080	0.001	0.521	0.000	0.116
sad	0.298	0.006	0.090	0.001	0.487	0.000	0.116
sad	0.316	0.003	0.105	0.001	0.452	0.000	0.123
sad	0.168	0.003	0.162	0.001	0.569	0.001	0.097
sad	0.281	0.014	0.073	0.001	0.528	0.000	0.103
sad	0.266	0.008	0.099	0.001	0.476	0.000	0.150
sad	0.294	0.024	0.080	0.001	0.479	0.000	0.124
sad	0.310	0.006	0.120	0.001	0.476	0.000	0.086
sad	0.273	0.007	0.074	0.001	0.482	0.000	0.162
sad	0.290	0.007	0.135	0.002	0.416	0.001	0.150
sad	0.308	0.006	0.067	0.000	0.502	0.000	0.115
sad	0.320	0.012	0.125	0.000	0.418	0.001	0.124
sad	0.305	0.023	0.162	0.001	0.387	0.001	0.120
sad	0.312	0.007	0.098	0.001	0.384	0.001	0.197
sad	0.246	0.005	0.185	0.001	0.463	0.001	0.098
sad	0.261	0.006	0.227	0.000	0.381	0.001	0.123
sad	0.259	0.006	0.282	0.001	0.358	0.002	0.092
sad	0.305	0.003	0.110	0.001	0.501	0.001	0.080
sad	0.225	0.005	0.222	0.000	0.468	0.001	0.078
sad	0.346	0.005	0.085	0.000	0.418	0.000	0.145
sad	0.312	0.017	0.109	0.001	0.431	0.001	0.129
sad	0.354	0.011	0.063	0.001	0.437	0.000	0.135
sad	0.235	0.004	0.156	0.001	0.375	0.000	0.229
sad	0.318	0.004	0.128	0.000	0.445	0.000	0.105
angry	0.410	0.014	0.072	0.001	0.379	0.000	0.124
sad	0.226	0.010	0.120	0.001	0.378	0.000	0.265
sad	0.324	0.007	0.174	0.001	0.381	0.001	0.113
sad	0.220	0.005	0.243	0.001	0.381	0.001	0.148
happy	0.009	0.000	0.011	0.654	0.181	0.007	0.138
sad	0.317	0.015	0.100	0.001	0.433	0.000	0.134
happy	0.010	0.000	0.009	0.659	0.142	0.008	0.172
sad	0.302	0.014	0.115	0.001	0.437	0.000	0.131
happy	0.008	0.000	0.009	0.790	0.101	0.005	0.087
sad	0.346	0.012	0.096	0.001	0.413	0.000	0.131
sad	0.329	0.005	0.116	0.001	0.410	0.000	0.140
happy	0.014	0.000	0.019	0.512	0.297	0.009	0.149
sad	0.302	0.009	0.109	0.002	0.467	0.000	0.111
sad	0.185	0.003	0.172	0.001	0.498	0.000	0.140
sad	0.334	0.006	0.135	0.000	0.427	0.000	0.098
happy	0.023	0.000	0.020	0.520	0.190	0.013	0.235
sad	0.300	0.024	0.140	0.001	0.430	0.001	0.105
sad	0.227	0.006	0.175	0.001	0.474	0.001	0.115
sad	0.200	0.005	0.248	0.001	0.398	0.001	0.148
sad	0.318	0.006	0.127	0.001	0.436	0.000	0.112
sad	0.212	0.004	0.263	0.001	0.406	0.001	0.113
sad	0.270	0.011	0.179	0.001	0.477	0.001	0.062
happy	0.017	0.000	0.027	0.380	0.358	0.014	0.203
sad	0.280	0.008	0.161	0.001	0.462	0.000	0.089
sad	0.256	0.030	0.142	0.001	0.421	0.000	0.149
sad	0.248	0.004	0.096	0.001	0.541	0.000	0.110
sad	0.237	0.006	0.120	0.001	0.527	0.000	0.109
sad	0.260	0.007	0.183	0.001	0.483	0.000	0.065
sad	0.274	0.023	0.179	0.002	0.376	0.001	0.146
happy	0.017	0.000	0.024	0.334	0.318	0.009	0.297
sad	0.355	0.014	0.126	0.002	0.376	0.001	0.127
sad	0.247	0.005	0.133	0.001	0.490	0.000	0.123
sad	0.174	0.005	0.131	0.002	0.461	0.001	0.226
sad	0.269	0.009	0.093	0.001	0.482	0.000	0.146
angry	0.433	0.027	0.133	0.000	0.289	0.000	0.118
sad	0.187	0.010	0.184	0.001	0.431	0.000	0.187
sad	0.294	0.006	0.094	0.001	0.472	0.000	0.134
sad	0.208	0.008	0.113	0.002	0.381	0.000	0.288
sad	0.188	0.001	0.099	0.001	0.491	0.000	0.219
sad	0.313	0.008	0.102	0.001	0.342	0.000	0.234
sad	0.391	0.015	0.061	0.001	0.397	0.000	0.136
sad	0.283	0.009	0.093	0.000	0.482	0.001	0.132
sad	0.262	0.040	0.113	0.001	0.406	0.000	0.178
sad	0.227	0.003	0.185	0.001	0.474	0.001	0.109
sad	0.170	0.002	0.234	0.001	0.465	0.001	0.128
angry	0.438	0.018	0.066	0.000	0.369	0.000	0.108
sad	0.288	0.006	0.127	0.001	0.446	0.000	0.133
sad	0.262	0.005	0.138	0.001	0.470	0.000	0.123
sad	0.172	0.005	0.139	0.001	0.445	0.000	0.239
sad	0.331	0.011	0.171	0.000	0.407	0.000	0.080
sad	0.278	0.015	0.181	0.001	0.437	0.000	0.087
sad	0.336	0.034	0.126	0.000	0.399	0.000	0.105
sad	0.336	0.019	0.129	0.000	0.349	0.000	0.166
sad	0.302	0.060	0.135	0.001	0.343	0.000	0.159
sad	0.310	0.022	0.114	0.000	0.435	0.000	0.119
sad	0.285	0.011	0.199	0.001	0.404	0.001	0.099
sad	0.229	0.018	0.144	0.001	0.465	0.000	0.143
sad	0.325	0.008	0.164	0.001	0.370	0.000	0.132
sad	0.291	0.009	0.149	0.001	0.412	0.000	0.139
happy	0.009	0.000	0.016	0.568	0.234	0.006	0.166
sad	0.215	0.025	0.096	0.000	0.487	0.000	0.176
sad	0.263	0.115	0.135	0.001	0.377	0.000	0.108
sad	0.237	0.005	0.246	0.001	0.405	0.001	0.105
sad	0.261	0.135	0.133	0.001	0.333	0.000	0.137
sad	0.321	0.040	0.102	0.000	0.434	0.000	0.101
sad	0.325	0.009	0.067	0.000	0.431	0.000	0.168
sad	0.223	0.008	0.110	0.001	0.530	0.000	0.128
sad	0.312	0.013	0.125	0.000	0.448	0.000	0.101
sad	0.255	0.004	0.138	0.001	0.486	0.000	0.115
sad	0.276	0.009	0.121	0.000	0.487	0.001	0.107
sad	0.354	0.021	0.084	0.000	0.442	0.000	0.099
happy	0.010	0.000	0.007	0.631	0.179	0.004	0.169
sad	0.289	0.007	0.111	0.000	0.447	0.000	0.145
sad	0.296	0.007	0.109	0.000	0.456	0.000	0.131
sad	0.258	0.007	0.244	0.001	0.393	0.001	0.097
sad	0.226	0.020	0.180	0.002	0.392	0.000	0.181
sad	0.191	0.005	0.106	0.001	0.602	0.000	0.095
sad	0.266	0.005	0.085	0.001	0.553	0.000	0.090
sad	0.388	0.024	0.087	0.000	0.406	0.000	0.094
sad	0.187	0.001	0.137	0.001	0.367	0.001	0.306
sad	0.318	0.065	0.102	0.001	0.357	0.000	0.158
sad	0.355	0.026	0.072	0.000	0.420	0.000	0.128
sad	0.208	0.002	0.138	0.001	0.487	0.000	0.163
sad	0.253	0.004	0.131	0.001	0.402	0.000	0.209
sad	0.395	0.008	0.060	0.000	0.428	0.000	0.109
sad	0.319	0.008	0.123	0.000	0.444	0.000	0.106
sad	0.228	0.008	0.142	0.001	0.487	0.000	0.133
sad	0.226	0.008	0.113	0.001	0.459	0.000	0.192
sad	0.253	0.011	0.124	0.001	0.508	0.000	0.102
sad	0.297	0.011	0.153	0.002	0.446	0.003	0.089
angry	0.404	0.033	0.071	0.000	0.338	0.000	0.154
sad	0.305	0.010	0.116	0.001	0.496	0.000	0.072
sad	0.334	0.011	0.098	0.001	0.367	0.000	0.189
sad	0.348	0.009	0.083	0.001	0.467	0.000	0.092
sad	0.332	0.079	0.123	0.001	0.368	0.000	0.098
sad	0.362	0.028	0.087	0.000	0.413	0.000	0.110
happy	0.014	0.000	0.010	0.676	0.127	0.006	0.166
sad	0.309	0.014	0.181	0.002	0.389	0.002	0.104
sad	0.283	0.013	0.074	0.001	0.465	0.001	0.163
angry	0.384	0.036	0.112	0.001	0.381	0.000	0.087
angry	0.372	0.006	0.180	0.001	0.312	0.000	0.130
happy	0.016	0.000	0.015	0.558	0.180	0.008	0.223
angry	0.427	0.003	0.115	0.000	0.356	0.000	0.097
sad	0.316	0.029	0.111	0.001	0.420	0.000	0.123
sad	0.244	0.007	0.177	0.001	0.439	0.000	0.132
sad	0.235	0.006	0.105	0.001	0.481	0.000	0.172
sad	0.227	0.011	0.182	0.000	0.460	0.000	0.120
sad	0.154	0.001	0.140	0.001	0.525	0.001	0.178
sad	0.201	0.008	0.078	0.001	0.423	0.000	0.289
sad	0.179	0.012	0.138	0.001	0.553	0.001	0.118
sad	0.205	0.006	0.177	0.001	0.463	0.002	0.147
sad	0.217	0.012	0.134	0.000	0.524	0.000	0.112
sad	0.151	0.006	0.147	0.001	0.485	0.000	0.209
sad	0.330	0.021	0.081	0.001	0.406	0.000	0.162
sad	0.236	0.039	0.138	0.001	0.391	0.000	0.196
sad	0.220	0.009	0.106	0.001	0.474	0.000	0.190
sad	0.174	0.005	0.145	0.001	0.509	0.000	0.166
sad	0.251	0.045	0.125	0.001	0.358	0.000	0.220
sad	0.176	0.009	0.081	0.001	0.535	0.000	0.198
sad	0.309	0.025	0.072	0.001	0.427	0.000	0.167
sad	0.247	0.022	0.071	0.001	0.477	0.000	0.183
sad	0.341	0.044	0.123	0.000	0.356	0.000	0.135
sad	0.211	0.004	0.089	0.001	0.478	0.000	0.218
sad	0.167	0.003	0.178	0.000	0.503	0.000	0.149
sad	0.243	0.014	0.131	0.000	0.502	0.000	0.109
sad	0.153	0.012	0.171	0.000	0.564	0.000	0.099
sad	0.319	0.011	0.131	0.000	0.430	0.000	0.107
sad	0.183	0.006	0.297	0.001	0.421	0.001	0.091
sad	0.271	0.019	0.106	0.000	0.473	0.000	0.130
happy	0.016	0.000	0.018	0.482	0.254	0.010	0.219
sad	0.213	0.012	0.129	0.001	0.503	0.000	0.143
sad	0.200	0.052	0.161	0.001	0.448	0.001	0.137
sad	0.247	0.020	0.192	0.001	0.371	0.000	0.169
sad	0.259	0.063	0.137	0.001	0.388	0.000	0.152
sad	0.152	0.003	0.133	0.001	0.511	0.000	0.200
sad	0.246	0.030	0.130	0.001	0.443	0.000	0.151
sad	0.178	0.004	0.160	0.001	0.459	0.000	0.198
sad	0.207	0.005	0.142	0.000	0.442	0.000	0.202
sad	0.304	0.024	0.082	0.000	0.443	0.000	0.146
sad	0.295	0.040	0.095	0.000	0.428	0.000	0.141
sad	0.314	0.008	0.096	0.000	0.384	0.000	0.198
sad	0.245	0.008	0.099	0.001	0.385	0.000	0.263
sad	0.185	0.011	0.141	0.001	0.478	0.000	0.183
sad	0.378	0.021	0.069	0.000	0.418	0.000	0.113
angry	0.383	0.031	0.090	0.001	0.373	0.000	0.121
angry	0.405	0.052	0.094	0.001	0.322	0.000	0.126
sad	0.280	0.005	0.114	0.000	0.388	0.000	0.213
angry	0.388	0.042	0.087	0.001	0.351	0.000	0.131
sad	0.183	0.005	0.173	0.001	0.427	0.000	0.211
sad	0.247	0.035	0.082	0.000	0.504	0.000	0.132
sad	0.281	0.055	0.066	0.001	0.468	0.000	0.129
sad	0.259	0.028	0.135	0.001	0.448	0.001	0.128
happy	0.009	0.000	0.010	0.677	0.159	0.004	0.140
sad	0.233	0.015	0.090	0.001	0.482	0.000	0.178
happy	0.012	0.000	0.011	0.659	0.153	0.003	0.163
happy	0.015	0.000	0.016	0.428	0.283	0.008	0.251
sad	0.141	0.011	0.106	0.001	0.543	0.000	0.197
sad	0.239	0.004	0.190	0.002	0.450	0.001	0.115
happy	0.015	0.000	0.016	0.504	0.239	0.009	0.217
sad	0.380	0.021	0.066	0.001	0.405	0.000	0.126
sad	0.331	0.015	0.113	0.001	0.420	0.000	0.120
sad	0.358	0.018	0.114	0.001	0.398	0.000	0.111
sad	0.325	0.015	0.134	0.001	0.422	0.000	0.102
angry	0.420	0.023	0.078	0.001	0.367	0.000	0.113
sad	0.333	0.004	0.105	0.000	0.467	0.000	0.090
sad	0.272	0.029	0.081	0.001	0.410	0.000	0.207
sad	0.292	0.008	0.110	0.001	0.495	0.000	0.094
sad	0.302	0.004	0.173	0.001	0.396	0.001	0.123
sad	0.257	0.015	0.119	0.001	0.481	0.001	0.127
happy	0.009	0.000	0.009	0.790	0.097	0.003	0.093
sad	0.245	0.026	0.097	0.002	0.450	0.001	0.180
sad	0.208	0.001	0.114	0.000	0.402	0.000	0.274
sad	0.166	0.003	0.140	0.001	0.474	0.000	0.216
angry	0.377	0.076	0.073	0.001	0.334	0.000	0.140
sad	0.372	0.047	0.076	0.000	0.383	0.000	0.121
sad	0.193	0.007	0.161	0.001	0.454	0.000	0.183
angry	0.405	0.080	0.058	0.000	0.357	0.000	0.100
sad	0.281	0.004	0.095	0.000	0.438	0.000	0.180
sad	0.257	0.004	0.124	0.001	0.344	0.000	0.269
sad	0.263	0.007	0.111	0.001	0.434	0.000	0.184
angry	0.355	0.012	0.105	0.001	0.299	0.001	0.227
happy	0.009	0.000	0.013	0.587	0.167	0.006	0.219
angry	0.489	0.023	0.093	0.000	0.295	0.000	0.099
angry	0.386	0.011	0.091	0.001	0.341	0.000	0.170
sad	0.254	0.024	0.142	0.001	0.463	0.000	0.116
angry	0.396	0.019	0.060	0.000	0.370	0.000	0.156
sad	0.384	0.024	0.073	0.000	0.419	0.000	0.099
angry	0.456	0.064	0.058	0.000	0.318	0.000	0.102
sad	0.280	0.011	0.168	0.000	0.453	0.000	0.087
sad	0.301	0.019	0.138	0.001	0.474	0.000	0.067
angry	0.410	0.006	0.085	0.000	0.375	0.000	0.123
happy	0.009	0.000	0.012	0.637	0.112	0.007	0.222
sad	0.311	0.017	0.216	0.001	0.368	0.001	0.085
angry	0.368	0.038	0.115	0.001	0.308	0.000	0.169
sad	0.272	0.005	0.263	0.001	0.348	0.001	0.111
happy	0.008	0.000	0.013	0.683	0.174	0.009	0.113
sad	0.282	0.004	0.239	0.002	0.374	0.001	0.097
happy	0.009	0.000	0.012	0.679	0.175	0.007	0.118
angry	0.404	0.011	0.136	0.000	0.345	0.000	0.103
angry	0.393	0.003	0.128	0.001	0.382	0.001	0.092
angry	0.380	0.052	0.085	0.004	0.226	0.001	0.254
sad	0.241	0.005	0.174	0.001	0.349	0.001	0.230
angry	0.349	0.009	0.084	0.001	0.252	0.000	0.306
sad	0.295	0.004	0.150	0.000	0.302	0.000	0.248
sad	0.333	0.052	0.133	0.001	0.381	0.000	0.100
sad	0.214	0.003	0.160	0.001	0.385	0.000	0.236
sad	0.226	0.005	0.142	0.001	0.402	0.000	0.223
sad	0.202	0.002	0.142	0.001	0.416	0.001	0.236
sad	0.249	0.000	0.132	0.001	0.433	0.001	0.184
sad	0.179	0.004	0.158	0.001	0.459	0.000	0.198
sad	0.201	0.005	0.174	0.002	0.375	0.001	0.244
sad	0.279	0.012	0.099	0.001	0.445	0.000	0.164
sad	0.196	0.005	0.116	0.001	0.486	0.001	0.195
sad	0.180	0.006	0.144	0.000	0.434	0.000	0.236
sad	0.130	0.001	0.156	0.000	0.497	0.001	0.215
sad	0.119	0.000	0.152	0.001	0.440	0.001	0.287
sad	0.166	0.000	0.161	0.000	0.444	0.001	0.228
sad	0.231	0.007	0.088	0.001	0.423	0.000	0.250
sad	0.215	0.010	0.124	0.001	0.428	0.000	0.222
sad	0.213	0.005	0.139	0.001	0.480	0.000	0.162
sad	0.309	0.005	0.151	0.001	0.396	0.000	0.137
sad	0.203	0.003	0.176	0.000	0.425	0.000	0.193
sad	0.210	0.000	0.154	0.001	0.442	0.001	0.192
happy	0.009	0.000	0.009	0.708	0.153	0.005	0.115
sad	0.146	0.002	0.185	0.000	0.434	0.000	0.233
sad	0.155	0.008	0.198	0.001	0.499	0.000	0.139
sad	0.147	0.002	0.189	0.001	0.444	0.000	0.217
sad	0.150	0.004	0.190	0.001	0.446	0.001	0.209
sad	0.149	0.001	0.112	0.000	0.491	0.001	0.246
sad	0.195	0.001	0.152	0.001	0.423	0.001	0.227
sad	0.151	0.001	0.146	0.001	0.485	0.001	0.215
sad	0.200	0.004	0.208	0.001	0.424	0.001	0.161
sad	0.208	0.010	0.186	0.002	0.377	0.002	0.215
sad	0.228	0.012	0.134	0.001	0.429	0.000	0.195
sad	0.207	0.006	0.169	0.001	0.415	0.001	0.202
sad	0.150	0.006	0.229	0.001	0.399	0.001	0.214
sad	0.153	0.004	0.184	0.001	0.466	0.001	0.191
sad	0.233	0.011	0.102	0.001	0.527	0.000	0.126
sad	0.382	0.011	0.070	0.000	0.430	0.000	0.107
sad	0.246	0.006	0.117	0.001	0.400	0.000	0.230
sad	0.227	0.006	0.152	0.002	0.421	0.001	0.191
sad	0.333	0.017	0.067	0.000	0.470	0.000	0.112
sad	0.236	0.004	0.155	0.001	0.366	0.001	0.238
sad	0.319	0.025	0.125	0.001	0.359	0.000	0.172
sad	0.361	0.006	0.076	0.001	0.375	0.000	0.181
angry	0.423	0.027	0.052	0.001	0.338	0.000	0.159
happy	0.012	0.000	0.011	0.646	0.140	0.007	0.184
sad	0.196	0.002	0.151	0.000	0.394	0.000	0.257
sad	0.245	0.001	0.091	0.000	0.459	0.001	0.203
sad	0.307	0.016	0.162	0.001	0.343	0.000	0.171
sad	0.193	0.002	0.169	0.001	0.428	0.001	0.206
sad	0.319	0.001	0.083	0.001	0.374	0.001	0.221
sad	0.287	0.001	0.119	0.000	0.416	0.000	0.177
sad	0.160	0.001	0.154	0.000	0.441	0.000	0.243
sad	0.229	0.003	0.136	0.000	0.395	0.000	0.236
sad	0.279	0.007	0.138	0.000	0.386	0.000	0.190
sad	0.212	0.002	0.125	0.001	0.460	0.001	0.198
sad	0.227	0.007	0.176	0.001	0.447	0.002	0.139
sad	0.293	0.034	0.122	0.000	0.421	0.000	0.129
sad	0.321	0.021	0.091	0.000	0.419	0.000	0.148
sad	0.259	0.005	0.136	0.003	0.364	0.001	0.232
sad	0.196	0.003	0.135	0.002	0.456	0.001	0.208
sad	0.242	0.010	0.166	0.001	0.466	0.000	0.115
sad	0.222	0.002	0.154	0.000	0.427	0.001	0.195
sad	0.193	0.007	0.175	0.001	0.438	0.002	0.184
sad	0.187	0.005	0.152	0.001	0.443	0.001	0.212
sad	0.262	0.019	0.142	0.001	0.491	0.000	0.085
sad	0.244	0.005	0.120	0.001	0.437	0.001	0.192
sad	0.176	0.019	0.191	0.001	0.411	0.001	0.200
sad	0.232	0.013	0.207	0.001	0.414	0.001	0.133
sad	0.228	0.004	0.154	0.002	0.422	0.001	0.189
sad	0.265	0.022	0.159	0.002	0.399	0.001	0.151
sad	0.268	0.011	0.117	0.001	0.464	0.000	0.139
sad	0.232	0.001	0.101	0.001	0.420	0.001	0.245
sad	0.199	0.001	0.154	0.000	0.410	0.001	0.235
sad	0.204	0.002	0.157	0.000	0.466	0.001	0.170
happy	0.008	0.000	0.009	0.729	0.130	0.004	0.119
sad	0.228	0.002	0.162	0.001	0.414	0.001	0.192
happy	0.007	0.000	0.008	0.799	0.100	0.004	0.083
sad	0.262	0.001	0.124	0.001	0.368	0.001	0.243
happy	0.011	0.000	0.016	0.667	0.123	0.015	0.169
sad	0.353	0.012	0.112	0.000	0.410	0.000	0.112
sad	0.188	0.003	0.206	0.000	0.345	0.001	0.258
sad	0.298	0.004	0.161	0.000	0.423	0.001	0.114
happy	0.013	0.000	0.015	0.749	0.086	0.008	0.129
sad	0.291	0.032	0.111	0.001	0.487	0.001	0.077
happy	0.007	0.000	0.007	0.763	0.071	0.004	0.148
angry	0.412	0.020	0.102	0.001	0.358	0.000	0.107
sad	0.206	0.002	0.162	0.001	0.375	0.001	0.254
sad	0.201	0.001	0.194	0.001	0.361	0.000	0.242
happy	0.006	0.000	0.009	0.738	0.076	0.005	0.165
sad	0.285	0.010	0.099	0.001	0.375	0.001	0.230
happy	0.009	0.000	0.010	0.703	0.090	0.005	0.183
sad	0.304	0.022	0.150	0.001	0.358	0.000	0.165
sad	0.198	0.004	0.166	0.001	0.365	0.001	0.266
happy	0.009	0.000	0.010	0.770	0.082	0.006	0.123
sad	0.214	0.009	0.181	0.000	0.455	0.001	0.141
sad	0.257	0.010	0.123	0.000	0.486	0.000	0.124
sad	0.342	0.014	0.088	0.001	0.358	0.000	0.198
happy	0.006	0.000	0.011	0.803	0.079	0.005	0.096
sad	0.238	0.010	0.206	0.000	0.410	0.001	0.135
sad	0.306	0.023	0.093	0.001	0.407	0.000	0.169
happy	0.016	0.000	0.025	0.618	0.157	0.006	0.178
angry	0.420	0.009	0.100	0.001	0.313	0.000	0.157
sad	0.245	0.008	0.095	0.002	0.396	0.001	0.253
angry	0.400	0.015	0.119	0.000	0.324	0.000	0.140
sad	0.210	0.008	0.192	0.001	0.405	0.001	0.183
happy	0.014	0.000	0.019	0.626	0.158	0.006	0.178
sad	0.196	0.000	0.121	0.000	0.452	0.000	0.229
sad	0.263	0.010	0.178	0.001	0.353	0.001	0.195
sad	0.187	0.002	0.181	0.001	0.336	0.001	0.293
happy	0.013	0.000	0.013	0.651	0.091	0.013	0.219
angry	0.402	0.002	0.083	0.001	0.336	0.001	0.176
sad	0.198	0.000	0.146	0.000	0.382	0.000	0.272
sad	0.193	0.005	0.220	0.000	0.393	0.001	0.188
happy	0.006	0.000	0.007	0.773	0.082	0.004	0.128
angry	0.366	0.007	0.142	0.001	0.318	0.000	0.165
sad	0.213	0.007	0.161	0.001	0.420	0.000	0.198
angry	0.399	0.032	0.107	0.001	0.338	0.000	0.124
sad	0.214	0.002	0.135	0.000	0.422	0.000	0.227
happy	0.004	0.000	0.004	0.846	0.035	0.003	0.107
neutral	0.171	0.000	0.160	0.001	0.315	0.001	0.351
sad	0.327	0.019	0.119	0.001	0.367	0.000	0.167
sad	0.275	0.006	0.194	0.001	0.332	0.000	0.191
happy	0.014	0.000	0.016	0.696	0.125	0.008	0.142
sad	0.321	0.008	0.107	0.001	0.395	0.000	0.168
angry	0.322	0.058	0.139	0.003	0.322	0.001	0.155
sad	0.236	0.001	0.098	0.001	0.394	0.001	0.270
sad	0.243	0.000	0.116	0.001	0.389	0.000	0.250
sad	0.247	0.001	0.131	0.000	0.437	0.001	0.183
angry	0.365	0.013	0.121	0.001	0.356	0.000	0.143
angry	0.462	0.012	0.070	0.000	0.334	0.000	0.121
angry	0.395	0.026	0.060	0.000	0.391	0.000	0.127
sad	0.292	0.081	0.126	0.001	0.380	0.000	0.120
happy	0.005	0.000	0.005	0.879	0.044	0.005	0.061
angry	0.480	0.033	0.050	0.000	0.302	0.000	0.134
sad	0.170	0.010	0.109	0.000	0.588	0.000	0.123
sad	0.193	0.000	0.143	0.001	0.419	0.001	0.243
sad	0.121	0.005	0.112	0.000	0.533	0.000	0.229
sad	0.127	0.002	0.129	0.001	0.452	0.000	0.289
happy	0.009	0.000	0.015	0.664	0.094	0.010	0.207
sad	0.392	0.022	0.080	0.000	0.401	0.000	0.104
angry	0.352	0.012	0.204	0.002	0.325	0.001	0.104
happy	0.007	0.000	0.008	0.797	0.053	0.007	0.128
angry	0.365	0.019	0.171	0.001	0.331	0.000	0.114
sad	0.191	0.001	0.153	0.001	0.393	0.001	0.262
sad	0.291	0.008	0.129	0.000	0.379	0.000	0.192
happy	0.010	0.000	0.017	0.575	0.196	0.010	0.192
neutral	0.282	0.001	0.121	0.001	0.268	0.001	0.327
sad	0.258	0.013	0.123	0.001	0.327	0.000	0.279
angry	0.449	0.039	0.103	0.000	0.236	0.000	0.173
sad	0.133	0.013	0.068	0.000	0.569	0.000	0.217
happy	0.009	0.001	0.009	0.731	0.099	0.004	0.147
sad	0.288	0.067	0.140	0.002	0.412	0.001	0.090
happy	0.012	0.000	0.013	0.703	0.090	0.005	0.177
neutral	0.243	0.007	0.200	0.001	0.232	0.001	0.317
happy	0.017	0.000	0.015	0.507	0.146	0.003	0.313
sad	0.335	0.002	0.103	0.001	0.346	0.001	0.212
angry	0.364	0.001	0.105	0.001	0.267	0.000	0.261
happy	0.012	0.000	0.012	0.536	0.113	0.003	0.325
angry	0.343	0.058	0.155	0.003	0.243	0.000	0.196
angry	0.364	0.026	0.119	0.007	0.243	0.001	0.241
angry	0.388	0.026	0.133	0.002	0.267	0.000	0.183
sad	0.310	0.045	0.163	0.001	0.316	0.000	0.165
happy	0.016	0.000	0.016	0.524	0.126	0.003	0.316
angry	0.344	0.073	0.202	0.001	0.303	0.000	0.077
angry	0.326	0.124	0.114	0.001	0.321	0.000	0.113
happy	0.021	0.000	0.021	0.498	0.223	0.003	0.234
angry	0.328	0.071	0.167	0.002	0.295	0.000	0.136
happy	0.017	0.000	0.019	0.521	0.170	0.002	0.271
angry	0.316	0.067	0.184	0.001	0.305	0.000	0.128
happy	0.016	0.000	0.021	0.534	0.105	0.004	0.320
happy	0.014	0.000	0.012	0.524	0.092	0.003	0.355
angry	0.424	0.007	0.045	0.002	0.248	0.000	0.274
angry	0.485	0.022	0.101	0.004	0.204	0.001	0.183
angry	0.442	0.014	0.113	0.002	0.297	0.001	0.131
sad	0.314	0.052	0.109	0.001	0.405	0.000	0.119
sad	0.272	0.031	0.135	0.001	0.414	0.000	0.149
sad	0.262	0.044	0.150	0.000	0.421	0.000	0.122
sad	0.222	0.019	0.105	0.000	0.574	0.000	0.079
happy	0.009	0.000	0.007	0.814	0.038	0.003	0.129
sad	0.302	0.029	0.083	0.001	0.479	0.000	0.106
sad	0.275	0.057	0.156	0.001	0.388	0.000	0.123
angry	0.314	0.009	0.210	0.002	0.305	0.000	0.160
happy	0.014	0.000	0.011	0.730	0.079	0.002	0.164
sad	0.313	0.028	0.166	0.001	0.391	0.000	0.103
sad	0.294	0.023	0.210	0.001	0.321	0.000	0.151
sad	0.376	0.017	0.059	0.000	0.440	0.000	0.107
sad	0.319	0.006	0.096	0.001	0.455	0.000	0.124
angry	0.353	0.011	0.166	0.002	0.217	0.001	0.250
sad	0.225	0.026	0.163	0.001	0.455	0.000	0.130
sad	0.209	0.019	0.137	0.001	0.454	0.000	0.181
sad	0.196	0.014	0.209	0.000	0.443	0.000	0.136
angry	0.330	0.031	0.203	0.002	0.234	0.000	0.200
sad	0.258	0.002	0.144	0.001	0.461	0.001	0.133
sad	0.272	0.004	0.145	0.003	0.411	0.001	0.165
sad	0.255	0.004	0.166	0.000	0.422	0.000	0.152
angry	0.295	0.028	0.124	0.003	0.285	0.000	0.264
sad	0.209	0.004	0.169	0.001	0.456	0.001	0.160
sad	0.262	0.010	0.245	0.001	0.327	0.000	0.155
angry	0.305	0.004	0.235	0.002	0.274	0.001	0.179
angry	0.353	0.020	0.197	0.001	0.294	0.000	0.133
sad	0.292	0.014	0.183	0.001	0.366	0.001	0.144
happy	0.003	0.000	0.003	0.929	0.018	0.001	0.046
sad	0.248	0.002	0.102	0.001	0.415	0.001	0.231
sad	0.267	0.001	0.157	0.001	0.325	0.001	0.248
sad	0.301	0.004	0.123	0.001	0.434	0.001	0.136
sad	0.270	0.002	0.109	0.001	0.473	0.001	0.145
angry	0.432	0.001	0.069	0.001	0.327	0.000	0.170
angry	0.441	0.004	0.071	0.001	0.273	0.000	0.209
happy	0.009	0.000	0.009	0.668	0.108	0.002	0.205
angry	0.471	0.002	0.045	0.001	0.371	0.000	0.110
happy	0.019	0.000	0.018	0.589	0.147	0.004	0.223
happy	0.010	0.000	0.011	0.730	0.084	0.002	0.163
angry	0.426	0.008	0.070	0.001	0.334	0.000	0.161
sad	0.346	0.001	0.057	0.001	0.425	0.001	0.170
angry	0.485	0.002	0.031	0.001	0.286	0.000	0.196
angry	0.445	0.003	0.058	0.001	0.295	0.000	0.197
sad	0.334	0.001	0.101	0.001	0.349	0.001	0.213
sad	0.378	0.002	0.062	0.001	0.427	0.000	0.131
angry	0.381	0.003	0.081	0.001	0.318	0.000	0.216
sad	0.373	0.005	0.081	0.001	0.374	0.001	0.165
happy	0.006	0.000	0.005	0.876	0.045	0.002	0.067
sad	0.354	0.002	0.058	0.001	0.361	0.001	0.224
sad	0.260	0.001	0.098	0.002	0.452	0.000	0.186
sad	0.313	0.003	0.080	0.001	0.381	0.000	0.221
sad	0.334	0.001	0.061	0.001	0.423	0.000	0.180
angry	0.375	0.001	0.045	0.001	0.359	0.001	0.219
sad	0.206	0.001	0.225	0.001	0.361	0.002	0.205
sad	0.250	0.001	0.116	0.000	0.381	0.001	0.250
happy	0.004	0.000	0.005	0.874	0.042	0.002	0.073
sad	0.191	0.004	0.204	0.001	0.404	0.000	0.196
sad	0.290	0.010	0.164	0.001	0.373	0.000	0.161
sad	0.289	0.001	0.164	0.001	0.345	0.001	0.200
happy	0.006	0.000	0.005	0.815	0.036	0.002	0.136
sad	0.215	0.022	0.252	0.001	0.395	0.001	0.115
happy	0.011	0.000	0.008	0.704	0.068	0.003	0.206
sad	0.207	0.003	0.247	0.001	0.346	0.003	0.193
happy	0.011	0.000	0.011	0.683	0.067	0.005	0.223
sad	0.236	0.043	0.203	0.001	0.417	0.001	0.098
sad	0.235	0.033	0.175	0.001	0.499	0.001	0.056
sad	0.194	0.001	0.245	0.001	0.390	0.001	0.169
sad	0.347	0.001	0.059	0.000	0.407	0.000	0.185
sad	0.310	0.001	0.078	0.000	0.447	0.001	0.162
sad	0.234	0.003	0.231	0.000	0.391	0.001	0.140
sad	0.232	0.001	0.086	0.000	0.490	0.001	0.190
sad	0.243	0.001	0.126	0.001	0.441	0.001	0.187
sad	0.242	0.001	0.189	0.001	0.465	0.001	0.102
sad	0.298	0.002	0.078	0.001	0.444	0.000	0.177
sad	0.213	0.003	0.122	0.001	0.518	0.000	0.142
happy	0.030	0.000	0.034	0.367	0.234	0.004	0.331
sad	0.314	0.001	0.061	0.001	0.457	0.001	0.167
sad	0.262	0.000	0.117	0.000	0.416	0.001	0.204
sad	0.242	0.004	0.186	0.000	0.441	0.001	0.125
sad	0.164	0.002	0.150	0.000	0.514	0.001	0.169
sad	0.191	0.003	0.236	0.001	0.434	0.001	0.134
angry	0.364	0.004	0.168	0.001	0.358	0.001	0.105
sad	0.387	0.002	0.120	0.001	0.408	0.001	0.081
sad	0.152	0.004	0.248	0.001	0.451	0.001	0.144
sad	0.191	0.001	0.110	0.000	0.421	0.000	0.276
sad	0.260	0.000	0.071	0.000	0.501	0.001	0.167
sad	0.187	0.004	0.216	0.002	0.389	0.001	0.201
happy	0.004	0.000	0.006	0.909	0.029	0.002	0.050
sad	0.253	0.004	0.242	0.001	0.394	0.001	0.106
sad	0.222	0.001	0.088	0.000	0.468	0.000	0.220
angry	0.478	0.010	0.131	0.001	0.281	0.000	0.098
angry	0.342	0.009	0.105	0.001	0.327	0.000	0.217
angry	0.393	0.007	0.093	0.001	0.348	0.000	0.158
happy	0.013	0.000	0.014	0.753	0.108	0.002	0.110
angry	0.498	0.024	0.130	0.014	0.223	0.000	0.110
angry	0.423	0.195	0.060	0.150	0.063	0.000	0.109
angry	0.505	0.225	0.044	0.047	0.124	0.000	0.054
angry	0.571	0.104	0.050	0.148	0.069	0.000	0.059
angry	0.547	0.268	0.027	0.085	0.037	0.000	0.034
angry	0.570	0.093	0.057	0.110	0.096	0.001	0.074
angry	0.459	0.247	0.059	0.039	0.132	0.001	0.064
disgust	0.291	0.418	0.074	0.023	0.135	0.000	0.059
disgust	0.313	0.422	0.048	0.017	0.115	0.001	0.084
angry	0.482	0.299	0.076	0.017	0.074	0.001	0.052
angry	0.432	0.321	0.046	0.070	0.081	0.001	0.049
angry	0.536	0.271	0.051	0.030	0.071	0.000	0.040
angry	0.469	0.375	0.029	0.049	0.038	0.000	0.040
angry	0.662	0.163	0.050	0.029	0.061	0.000	0.035
happy	0.010	0.000	0.011	0.680	0.092	0.002	0.205
angry	0.617	0.149	0.060	0.078	0.051	0.001	0.044
angry	0.669	0.116	0.046	0.041	0.083	0.000	0.045
angry	0.613	0.193	0.038	0.038	0.069	0.000	0.048
happy	0.012	0.000	0.016	0.577	0.140	0.002	0.253
angry	0.560	0.210	0.037	0.079	0.050	0.000	0.063
angry	0.623	0.198	0.047	0.026	0.042	0.000	0.064
angry	0.641	0.163	0.056	0.025	0.047	0.000	0.067
angry	0.697	0.095	0.052	0.027	0.055	0.000	0.074
angry	0.635	0.109	0.101	0.016	0.084	0.000	0.055
angry	0.525	0.146	0.089	0.006	0.149	0.000	0.084
angry	0.669	0.080	0.060	0.039	0.085	0.000	0.067
angry	0.426	0.143	0.119	0.015	0.181	0.000	0.116
happy	0.022	0.000	0.023	0.496	0.189	0.003	0.266
angry	0.520	0.055	0.112	0.041	0.093	0.000	0.179
happy	0.017	0.000	0.020	0.573	0.181	0.003	0.207
angry	0.629	0.047	0.084	0.012	0.110	0.000	0.117
angry	0.483	0.049	0.097	0.008	0.188	0.000	0.175
angry	0.449	0.036	0.118	0.013	0.228	0.001	0.156
angry	0.476	0.039	0.114	0.012	0.231	0.001	0.127
angry	0.416	0.035	0.109	0.012	0.277	0.001	0.151
happy	0.023	0.000	0.024	0.477	0.175	0.006	0.296
angry	0.382	0.028	0.083	0.005	0.368	0.000	0.134
angry	0.371	0.041	0.115	0.006	0.263	0.001	0.203
angry	0.483	0.041	0.104	0.006	0.206	0.001	0.160
angry	0.348	0.044	0.134	0.001	0.337	0.000	0.136
angry	0.444	0.011	0.068	0.003	0.322	0.001	0.151
angry	0.341	0.050	0.130	0.003	0.328	0.001	0.146
sad	0.305	0.032	0.093	0.003	0.373	0.001	0.194
happy	0.016	0.000	0.015	0.644	0.179	0.001	0.145
sad	0.273	0.034	0.181	0.002	0.324	0.001	0.185
angry	0.414	0.018	0.089	0.002	0.332	0.000	0.145
sad	0.312	0.010	0.130	0.003	0.351	0.001	0.193
sad	0.282	0.055	0.132	0.004	0.395	0.002	0.130
angry	0.369	0.007	0.151	0.001	0.330	0.001	0.141
angry	0.408	0.006	0.089	0.003	0.287	0.001	0.205
sad	0.284	0.037	0.137	0.005	0.360	0.002	0.175
sad	0.286	0.009	0.150	0.001	0.419	0.000	0.134
happy	0.007	0.000	0.008	0.719	0.067	0.002	0.197
sad	0.317	0.024	0.169	0.003	0.398	0.000	0.088
sad	0.288	0.012	0.201	0.001	0.421	0.000	0.077
sad	0.295	0.007	0.162	0.003	0.419	0.000	0.113
angry	0.311	0.057	0.152	0.004	0.300	0.002	0.174
sad	0.285	0.003	0.119	0.002	0.341	0.000	0.251
sad	0.303	0.004	0.136	0.002	0.305	0.001	0.249
sad	0.354	0.012	0.107	0.002	0.362	0.001	0.162
angry	0.359	0.114	0.114	0.004	0.325	0.001	0.084
happy	0.010	0.000	0.010	0.690	0.110	0.002	0.179
angry	0.382	0.027	0.166	0.001	0.349	0.001	0.074
sad	0.309	0.016	0.103	0.002	0.387	0.001	0.183
angry	0.403	0.013	0.053	0.001	0.357	0.001	0.172
angry	0.453	0.006	0.077	0.001	0.333	0.000	0.130
sad	0.162	0.002	0.171	0.002	0.355	0.001	0.306
sad	0.204	0.005	0.164	0.003	0.432	0.002	0.190
sad	0.277	0.010	0.068	0.002	0.426	0.001	0.217
sad	0.353	0.010	0.107	0.002	0.360	0.001	0.166
sad	0.198	0.006	0.153	0.002	0.448	0.001	0.193
sad	0.296	0.005	0.112	0.001	0.368	0.001	0.216
sad	0.283	0.023	0.113	0.002	0.407	0.001	0.171
sad	0.222	0.011	0.114	0.002	0.400	0.001	0.250
angry	0.387	0.018	0.073	0.002	0.361	0.001	0.158
angry	0.424	0.029	0.099	0.003	0.266	0.001	0.179
sad	0.285	0.012	0.126	0.003	0.433	0.001	0.140
angry	0.362	0.007	0.089	0.003	0.256	0.001	0.283
angry	0.355	0.007	0.124	0.002	0.274	0.001	0.238
happy	0.025	0.000	0.021	0.372	0.219	0.003	0.360
sad	0.272	0.004	0.171	0.001	0.410	0.001	0.141
sad	0.302	0.008	0.258	0.001	0.354	0.001	0.076
angry	0.338	0.010	0.088	0.002	0.303	0.001	0.259
angry	0.482	0.006	0.065	0.002	0.282	0.000	0.163
angry	0.354	0.015	0.065	0.001	0.346	0.000	0.219
angry	0.431	0.003	0.080	0.000	0.301	0.001	0.183
sad	0.352	0.023	0.114	0.001	0.375	0.001	0.135
angry	0.464	0.023	0.121	0.001	0.286	0.000	0.105
angry	0.356	0.021	0.174	0.001	0.315	0.001	0.132
angry	0.393	0.036	0.111	0.002	0.337	0.001	0.121
angry	0.347	0.035	0.178	0.002	0.319	0.001	0.119
sad	0.303	0.006	0.180	0.001	0.389	0.001	0.121
sad	0.274	0.037	0.119	0.001	0.432	0.000	0.135
sad	0.329	0.016	0.143	0.001	0.385	0.001	0.125
angry	0.402	0.013	0.149	0.001	0.309	0.000	0.125
angry	0.417	0.028	0.228	0.002	0.229	0.000	0.096
angry	0.378	0.008	0.135	0.001	0.373	0.001	0.105
angry	0.408	0.007	0.065	0.000	0.399	0.001	0.120
angry	0.358	0.003	0.134	0.001	0.307	0.000	0.196
angry	0.518	0.001	0.048	0.000	0.321	0.000	0.111
happy	0.007	0.000	0.014	0.719	0.083	0.003	0.174
sad	0.225	0.003	0.201	0.002	0.368	0.000	0.201
sad	0.287	0.001	0.115	0.001	0.388	0.000	0.208
angry	0.473	0.003	0.058	0.001	0.352	0.000	0.114
angry	0.411	0.004	0.058	0.001	0.395	0.001	0.132
sad	0.259	0.006	0.253	0.002	0.314	0.001	0.164
angry	0.373	0.007	0.175	0.001	0.373	0.001	0.071
sad	0.292	0.002	0.162	0.001	0.431	0.001	0.112
angry	0.495	0.003	0.153	0.001	0.246	0.001	0.101
angry	0.397	0.030	0.158	0.002	0.252	0.000	0.161
sad	0.204	0.005	0.110	0.001	0.407	0.001	0.272
sad	0.230	0.002	0.151	0.001	0.437	0.001	0.178
sad	0.285	0.005	0.077	0.002	0.360	0.001	0.270
sad	0.276	0.008	0.128	0.001	0.441	0.001	0.144
angry	0.396	0.006	0.111	0.001	0.360	0.001	0.125
happy	0.008	0.000	0.011	0.717	0.118	0.002	0.143
sad	0.270	0.009	0.107	0.001	0.475	0.001	0.137
happy	0.023	0.000	0.019	0.425	0.206	0.004	0.321
sad	0.203	0.005	0.127	0.001	0.434	0.001	0.230
angry	0.379	0.021	0.106	0.001	0.366	0.001	0.126
sad	0.338	0.006	0.117	0.001	0.342	0.001	0.195
happy	0.011	0.000	0.012	0.691	0.090	0.003	0.193
sad	0.359	0.010	0.087	0.001	0.418	0.001	0.124
angry	0.379	0.022	0.118	0.001	0.375	0.001	0.105
sad	0.222	0.009	0.106	0.001	0.489	0.001	0.172
happy	0.009	0.000	0.013	0.636	0.143	0.004	0.195
sad	0.290	0.019	0.092	0.001	0.431	0.001	0.167
sad	0.247	0.021	0.171	0.001	0.380	0.001	0.180
sad	0.237	0.003	0.158	0.001	0.344	0.001	0.257
happy	0.011	0.000	0.013	0.678	0.083	0.005	0.210
sad	0.229	0.007	0.176	0.001	0.461	0.001	0.125
sad	0.216	0.006	0.222	0.001	0.431	0.003	0.123
sad	0.209	0.007	0.148	0.001	0.389	0.001	0.246
sad	0.285	0.002	0.112	0.000	0.409	0.001	0.192
sad	0.259	0.024	0.249	0.001	0.313	0.001	0.152
sad	0.238	0.002	0.125	0.000	0.463	0.001	0.170
sad	0.215	0.008	0.140	0.001	0.493	0.001	0.142
sad	0.241	0.013	0.217	0.001	0.384	0.000	0.144
sad	0.301	0.014	0.192	0.002	0.332	0.001	0.159
sad	0.333	0.003	0.125	0.000	0.400	0.001	0.137
angry	0.388	0.008	0.154	0.001	0.346	0.001	0.103
sad	0.220	0.002	0.194	0.001	0.406	0.001	0.177
sad	0.278	0.012	0.147	0.002	0.423	0.000	0.138
sad	0.155	0.008	0.158	0.000	0.553	0.001	0.125
sad	0.318	0.001	0.104	0.001	0.341	0.000	0.234
sad	0.194	0.004	0.166	0.001	0.456	0.001	0.179
sad	0.229	0.003	0.267	0.001	0.362	0.001	0.138
sad	0.079	0.000	0.028	0.001	0.847	0.001	0.043
angry	0.339	0.000	0.061	0.015	0.303	0.004	0.279
angry	0.601	0.000	0.017	0.004	0.172	0.004	0.202
angry	0.500	0.000	0.015	0.006	0.183	0.001	0.295
angry	0.515	0.001	0.012	0.003	0.163	0.000	0.305
happy	0.160	0.000	0.201	0.279	0.132	0.100	0.127
angry	0.438	0.004	0.019	0.012	0.235	0.001	0.291
angry	0.528	0.003	0.025	0.004	0.305	0.002	0.133
angry	0.447	0.001	0.052	0.003	0.386	0.002	0.108
sad	0.338	0.002	0.064	0.002	0.488	0.001	0.104
neutral	0.276	0.000	0.071	0.018	0.186	0.032	0.416
sad	0.297	0.010	0.033	0.008	0.539	0.001	0.112
neutral	0.293	0.000	0.052	0.022	0.274	0.027	0.333
sad	0.263	0.002	0.053	0.003	0.533	0.001	0.145
angry	0.345	0.000	0.046	0.013	0.254	0.068	0.273
sad	0.251	0.001	0.045	0.005	0.596	0.001	0.102
angry	0.362	0.000	0.080	0.010	0.282	0.057	0.210
sad	0.257	0.001	0.078	0.006	0.464	0.000	0.193
angry	0.447	0.000	0.080	0.010	0.264	0.001	0.197
neutral	0.189	0.000	0.050	0.010	0.216	0.003	0.532
neutral	0.199	0.000	0.108	0.010	0.274	0.003	0.406
neutral	0.085	0.000	0.046	0.007	0.349	0.005	0.507
neutral	0.128	0.000	0.045	0.008	0.361	0.008	0.449
angry	0.308	0.000	0.087	0.005	0.287	0.005	0.308
sad	0.102	0.000	0.070	0.007	0.430	0.013	0.377
sad	0.111	0.000	0.064	0.010	0.449	0.016	0.350
neutral	0.126	0.000	0.045	0.002	0.384	0.003	0.440
neutral	0.221	0.000	0.079	0.022	0.281	0.004	0.392
neutral	0.134	0.000	0.043	0.018	0.266	0.011	0.528
sad	0.071	0.000	0.063	0.009	0.615	0.003	0.239
sad	0.212	0.000	0.051	0.004	0.427	0.004	0.301
neutral	0.169	0.000	0.018	0.009	0.317	0.003	0.484
neutral	0.115	0.000	0.088	0.010	0.369	0.005	0.412
sad	0.140	0.000	0.064	0.004	0.604	0.000	0.188
sad	0.064	0.000	0.037	0.006	0.526	0.001	0.366
neutral	0.127	0.000	0.035	0.013	0.334	0.004	0.486
sad	0.064	0.000	0.031	0.001	0.551	0.001	0.352
sad	0.094	0.000	0.010	0.004	0.475	0.001	0.416
sad	0.132	0.000	0.023	0.001	0.739	0.002	0.103
sad	0.249	0.000	0.031	0.004	0.364	0.003	0.348
sad	0.212	0.000	0.023	0.003	0.456	0.002	0.304
neutral	0.096	0.000	0.014	0.002	0.423	0.001	0.463
neutral	0.174	0.000	0.015	0.006	0.286	0.002	0.517
neutral	0.235	0.000	0.021	0.003	0.284	0.001	0.456
sad	0.232	0.000	0.020	0.002	0.406	0.001	0.338
neutral	0.089	0.000	0.023	0.004	0.223	0.002	0.658
neutral	0.257	0.000	0.012	0.003	0.106	0.001	0.620
neutral	0.136	0.000	0.015	0.002	0.298	0.001	0.548
neutral	0.164	0.000	0.056	0.005	0.228	0.001	0.547
neutral	0.196	0.000	0.022	0.001	0.349	0.000	0.432
neutral	0.265	0.000	0.035	0.002	0.346	0.000	0.352
sad	0.316	0.000	0.047	0.001	0.416	0.000	0.219
sad	0.313	0.000	0.037	0.001	0.398	0.000	0.251
sad	0.178	0.003	0.034	0.002	0.505	0.000	0.279
sad	0.079	0.000	0.034	0.001	0.482	0.000	0.404
sad	0.163	0.000	0.019	0.001	0.486	0.000	0.331
sad	0.213	0.000	0.032	0.001	0.498	0.000	0.256
neutral	0.136	0.000	0.036	0.002	0.362	0.000	0.463
sad	0.128	0.000	0.027	0.001	0.480	0.000	0.363
sad	0.254	0.000	0.035	0.001	0.525	0.000	0.185
angry	0.402	0.000	0.016	0.001	0.319	0.000	0.262
sad	0.129	0.000	0.026	0.000	0.674	0.000	0.171
sad	0.204	0.000	0.027	0.001	0.579	0.000	0.189
angry	0.556	0.000	0.015	0.001	0.303	0.000	0.124
sad	0.288	0.000	0.037	0.002	0.504	0.000	0.170
sad	0.350	0.000	0.037	0.001	0.490	0.000	0.122
sad	0.229	0.001	0.038	0.001	0.551	0.000	0.180
sad	0.307	0.002	0.043	0.001	0.513	0.000	0.135
sad	0.416	0.000	0.031	0.001	0.419	0.000	0.132
sad	0.384	0.000	0.034	0.001	0.474	0.000	0.106
angry	0.542	0.000	0.029	0.001	0.309	0.000	0.118
angry	0.440	0.000	0.040	0.001	0.344	0.000	0.175
sad	0.326	0.000	0.066	0.002	0.439	0.001	0.166
sad	0.342	0.002	0.048	0.001	0.470	0.000	0.137
angry	0.434	0.000	0.039	0.002	0.387	0.001	0.138
sad	0.339	0.000	0.065	0.001	0.419	0.001	0.174
sad	0.363	0.000	0.043	0.001	0.381	0.000	0.211
angry	0.435	0.000	0.043	0.001	0.378	0.000	0.143
sad	0.357	0.000	0.050	0.001	0.384	0.000	0.209
sad	0.310	0.000	0.027	0.001	0.438	0.000	0.223
sad	0.151	0.001	0.037	0.000	0.704	0.000	0.107
sad	0.304	0.001	0.029	0.001	0.426	0.000	0.239
sad	0.297	0.001	0.042	0.000	0.525	0.000	0.135
sad	0.121	0.000	0.042	0.000	0.561	0.000	0.276
sad	0.128	0.000	0.036	0.000	0.544	0.000	0.291
sad	0.110	0.000	0.045	0.000	0.598	0.000	0.246
sad	0.108	0.000	0.051	0.000	0.556	0.000	0.284
sad	0.153	0.000	0.053	0.000	0.517	0.000	0.276
sad	0.186	0.000	0.109	0.001	0.530	0.000	0.173
sad	0.243	0.000	0.037	0.002	0.495	0.000	0.223
sad	0.378	0.001	0.027	0.002	0.392	0.000	0.201
sad	0.355	0.001	0.026	0.004	0.398	0.000	0.216
sad	0.274	0.000	0.024	0.001	0.531	0.000	0.170
sad	0.280	0.000	0.048	0.000	0.590	0.000	0.081
sad	0.226	0.000	0.058	0.000	0.611	0.000	0.104
sad	0.222	0.000	0.046	0.001	0.654	0.000	0.077
sad	0.219	0.000	0.058	0.000	0.630	0.000	0.092
sad	0.315	0.001	0.034	0.000	0.558	0.000	0.092
sad	0.180	0.000	0.031	0.000	0.707	0.000	0.081
sad	0.256	0.000	0.041	0.000	0.594	0.000	0.109
sad	0.206	0.000	0.036	0.000	0.623	0.000	0.134
sad	0.130	0.000	0.041	0.000	0.651	0.000	0.177
sad	0.217	0.001	0.090	0.001	0.455	0.000	0.236
angry	0.413	0.003	0.052	0.001	0.306	0.001	0.225
sad	0.202	0.000	0.057	0.002	0.444	0.000	0.295
sad	0.196	0.002	0.072	0.001	0.492	0.000	0.237
sad	0.292	0.002	0.082	0.000	0.442	0.000	0.181
sad	0.328	0.006	0.141	0.003	0.387	0.001	0.135
sad	0.364	0.013	0.122	0.003	0.387	0.001	0.111
sad	0.390	0.013	0.104	0.002	0.407	0.001	0.083
angry	0.517	0.040	0.073	0.003	0.296	0.001	0.070
sad	0.155	0.006	0.209	0.004	0.529	0.003	0.093
sad	0.358	0.007	0.131	0.006	0.363	0.002	0.133
sad	0.225	0.002	0.228	0.012	0.467	0.003	0.063
angry	0.462	0.013	0.102	0.003	0.368	0.001	0.051
sad	0.140	0.000	0.183	0.009	0.526	0.003	0.139
sad	0.322	0.002	0.114	0.004	0.491	0.003	0.064
angry	0.395	0.001	0.134	0.007	0.361	0.003	0.098
sad	0.183	0.007	0.194	0.002	0.521	0.002	0.090
angry	0.618	0.004	0.099	0.003	0.222	0.003	0.052
sad	0.253	0.002	0.198	0.005	0.440	0.006	0.096
sad	0.309	0.002	0.153	0.004	0.421	0.003	0.109
sad	0.332	0.013	0.206	0.015	0.346	0.001	0.088
sad	0.314	0.039	0.134	0.006	0.462	0.001	0.045
angry	0.417	0.016	0.159	0.025	0.317	0.000	0.067
sad	0.269	0.007	0.173	0.004	0.472	0.000	0.075
angry	0.441	0.019	0.104	0.001	0.361	0.001	0.073
angry	0.464	0.009	0.125	0.002	0.346	0.001	0.053
sad	0.233	0.010	0.198	0.002	0.473	0.000	0.084
angry	0.547	0.003	0.127	0.007	0.271	0.000	0.044
