prediction	angry	disgust	fear	happy	sad	surprise	neutral
neutral	0.012	0.000	0.005	0.229	0.036	0.001	0.716
happy	0.003	0.000	0.001	0.767	0.013	0.001	0.216
happy	0.004	0.000	0.002	0.596	0.019	0.001	0.379
happy	0.006	0.000	0.003	0.505	0.021	0.001	0.465
neutral	0.008	0.000	0.002	0.398	0.022	0.001	0.569
happy	0.005	0.000	0.002	0.551	0.015	0.001	0.427
neutral	0.007	0.000	0.002	0.424	0.017	0.001	0.549
happy	0.007	0.000	0.002	0.517	0.016	0.001	0.457
happy	0.007	0.000	0.002	0.513	0.017	0.001	0.460
happy	0.009	0.000	0.002	0.498	0.029	0.001	0.461
happy	0.007	0.000	0.002	0.592	0.024	0.001	0.374
happy	0.007	0.000	0.003	0.548	0.025	0.001	0.417
happy	0.004	0.000	0.002	0.696	0.017	0.001	0.280
happy	0.005	0.000	0.002	0.539	0.022	0.001	0.431
neutral	0.006	0.000	0.002	0.411	0.013	0.001	0.569
happy	0.003	0.000	0.001	0.617	0.012	0.001	0.366
happy	0.003	0.000	0.001	0.723	0.007	0.000	0.266
happy	0.002	0.000	0.000	0.743	0.007	0.000	0.246
happy	0.005	0.000	0.001	0.647	0.006	0.001	0.341
happy	0.003	0.000	0.001	0.623	0.007	0.001	0.365
happy	0.004	0.000	0.001	0.581	0.008	0.001	0.406
happy	0.004	0.000	0.001	0.634	0.006	0.001	0.353
happy	0.002	0.000	0.000	0.774	0.006	0.000	0.217
happy	0.005	0.000	0.001	0.593	0.006	0.001	0.395
happy	0.004	0.000	0.001	0.674	0.005	0.001	0.316
happy	0.004	0.000	0.001	0.623	0.008	0.001	0.364
happy	0.002	0.000	0.000	0.720	0.006	0.000	0.271
happy	0.004	0.000	0.001	0.598	0.009	0.001	0.388
happy	0.005	0.000	0.001	0.675	0.010	0.001	0.309
happy	0.003	0.000	0.001	0.787	0.006	0.001	0.204
happy	0.003	0.000	0.001	0.682	0.008	0.001	0.306
happy	0.002	0.000	0.000	0.819	0.005	0.000	0.175
happy	0.003	0.000	0.001	0.703	0.005	0.001	0.288
happy	0.003	0.000	0.001	0.721	0.010	0.001	0.265
happy	0.002	0.000	0.001	0.702	0.006	0.001	0.288
happy	0.002	0.000	0.001	0.718	0.006	0.001	0.273
happy	0.002	0.000	0.000	0.784	0.005	0.000	0.208
happy	0.005	0.000	0.001	0.640	0.007	0.001	0.347
happy	0.004	0.000	0.001	0.528	0.007	0.001	0.459
happy	0.003	0.000	0.001	0.782	0.006	0.001	0.208
happy	0.003	0.000	0.000	0.797	0.005	0.000	0.195
happy	0.008	0.000	0.001	0.674	0.010	0.000	0.307
happy	0.005	0.000	0.001	0.694	0.008	0.001	0.292
happy	0.005	0.000	0.001	0.774	0.006	0.001	0.214
happy	0.004	0.000	0.001	0.736	0.005	0.001	0.254
happy	0.008	0.000	0.002	0.560	0.023	0.001	0.405
happy	0.002	0.000	0.001	0.801	0.010	0.001	0.185
happy	0.004	0.000	0.001	0.702	0.007	0.001	0.286
happy	0.004	0.000	0.000	0.743	0.006	0.001	0.246
happy	0.003	0.000	0.001	0.803	0.005	0.001	0.187
happy	0.004	0.000	0.001	0.678	0.007	0.001	0.309
happy	0.013	0.000	0.003	0.578	0.032	0.001	0.373
happy	0.004	0.000	0.002	0.822	0.015	0.001	0.156
happy	0.002	0.000	0.001	0.789	0.004	0.001	0.203
happy	0.002	0.000	0.000	0.833	0.004	0.001	0.159
happy	0.003	0.000	0.001	0.781	0.006	0.001	0.208
happy	0.004	0.000	0.001	0.700	0.005	0.001	0.289
happy	0.002	0.000	0.001	0.818	0.005	0.001	0.173
happy	0.002	0.000	0.001	0.744	0.005	0.001	0.248
happy	0.002	0.000	0.001	0.779	0.004	0.002	0.212
happy	0.002	0.000	0.001	0.776	0.006	0.001	0.215
neutral	0.004	0.000	0.002	0.461	0.017	0.001	0.516
happy	0.005	0.000	0.002	0.570	0.011	0.002	0.409
happy	0.002	0.000	0.001	0.803	0.007	0.000	0.186
happy	0.003	0.000	0.001	0.540	0.012	0.001	0.444
happy	0.003	0.000	0.002	0.502	0.016	0.000	0.477
neutral	0.005	0.000	0.002	0.423	0.020	0.001	0.551
neutral	0.005	0.000	0.002	0.412	0.016	0.001	0.564
neutral	0.006	0.000	0.002	0.297	0.020	0.001	0.674
happy	0.003	0.000	0.001	0.683	0.014	0.000	0.298
happy	0.006	0.000	0.001	0.494	0.017	0.000	0.481
happy	0.003	0.000	0.001	0.655	0.007	0.000	0.333
happy	0.005	0.000	0.001	0.579	0.008	0.000	0.407
happy	0.005	0.000	0.001	0.544	0.012	0.000	0.438
happy	0.006	0.000	0.001	0.611	0.006	0.000	0.376
happy	0.010	0.000	0.001	0.494	0.014	0.000	0.481
happy	0.006	0.000	0.001	0.664	0.008	0.000	0.320
happy	0.006	0.000	0.001	0.664	0.008	0.000	0.321
happy	0.005	0.000	0.001	0.653	0.006	0.000	0.336
happy	0.004	0.000	0.001	0.696	0.007	0.000	0.292
happy	0.006	0.000	0.001	0.573	0.007	0.000	0.412
happy	0.004	0.000	0.001	0.678	0.006	0.000	0.312
happy	0.004	0.000	0.001	0.699	0.006	0.000	0.290
happy	0.003	0.000	0.000	0.799	0.008	0.000	0.190
happy	0.004	0.000	0.001	0.686	0.013	0.000	0.295
happy	0.006	0.000	0.001	0.696	0.014	0.000	0.282
happy	0.002	0.000	0.001	0.817	0.008	0.000	0.172
happy	0.003	0.000	0.000	0.911	0.004	0.000	0.082
happy	0.001	0.000	0.000	0.978	0.002	0.000	0.018
happy	0.002	0.000	0.000	0.973	0.002	0.000	0.024
happy	0.001	0.000	0.000	0.978	0.001	0.001	0.019
happy	0.002	0.000	0.000	0.976	0.001	0.001	0.020
happy	0.001	0.000	0.000	0.983	0.001	0.000	0.014
happy	0.002	0.000	0.000	0.965	0.002	0.001	0.030
happy	0.001	0.000	0.000	0.967	0.001	0.000	0.030
happy	0.001	0.000	0.000	0.981	0.001	0.000	0.016
happy	0.001	0.000	0.000	0.979	0.002	0.000	0.018
happy	0.001	0.000	0.000	0.983	0.001	0.000	0.015
happy	0.001	0.000	0.000	0.965	0.003	0.000	0.031
happy	0.001	0.000	0.000	0.946	0.003	0.000	0.049
happy	0.002	0.000	0.001	0.874	0.005	0.001	0.118
happy	0.003	0.000	0.001	0.836	0.009	0.000	0.151
happy	0.003	0.000	0.001	0.846	0.006	0.001	0.143
happy	0.003	0.000	0.001	0.805	0.009	0.001	0.181
happy	0.003	0.000	0.001	0.811	0.010	0.000	0.174
happy	0.003	0.000	0.001	0.783	0.009	0.001	0.204
happy	0.003	0.000	0.001	0.817	0.008	0.001	0.170
happy	0.003	0.000	0.001	0.796	0.010	0.000	0.188
happy	0.003	0.000	0.001	0.830	0.008	0.000	0.158
happy	0.004	0.000	0.001	0.719	0.011	0.001	0.262
happy	0.003	0.000	0.001	0.808	0.006	0.001	0.181
happy	0.003	0.000	0.001	0.785	0.007	0.001	0.203
happy	0.003	0.000	0.001	0.726	0.008	0.001	0.262
happy	0.004	0.000	0.001	0.738	0.012	0.001	0.244
happy	0.003	0.000	0.001	0.788	0.007	0.001	0.200
happy	0.004	0.000	0.001	0.733	0.011	0.001	0.250
happy	0.004	0.000	0.001	0.749	0.009	0.001	0.237
happy	0.003	0.000	0.001	0.774	0.007	0.001	0.215
happy	0.003	0.000	0.001	0.720	0.010	0.000	0.265
happy	0.004	0.000	0.001	0.735	0.009	0.001	0.251
happy	0.004	0.000	0.001	0.710	0.010	0.000	0.275
happy	0.004	0.000	0.001	0.706	0.012	0.000	0.278
happy	0.009	0.000	0.001	0.775	0.013	0.000	0.202
happy	0.007	0.000	0.001	0.714	0.017	0.000	0.260
happy	0.006	0.000	0.002	0.744	0.015	0.001	0.233
happy	0.005	0.000	0.001	0.754	0.011	0.000	0.229
happy	0.009	0.000	0.003	0.647	0.021	0.001	0.319
happy	0.012	0.000	0.001	0.811	0.015	0.000	0.160
happy	0.009	0.000	0.002	0.787	0.021	0.000	0.181
happy	0.011	0.000	0.004	0.602	0.032	0.001	0.350
happy	0.006	0.000	0.002	0.737	0.014	0.001	0.241
happy	0.003	0.000	0.001	0.784	0.007	0.001	0.204
happy	0.002	0.000	0.000	0.820	0.006	0.000	0.171
happy	0.003	0.000	0.001	0.743	0.009	0.000	0.244
happy	0.005	0.000	0.001	0.756	0.007	0.001	0.231
happy	0.007	0.000	0.001	0.745	0.005	0.001	0.240
happy	0.012	0.000	0.001	0.696	0.017	0.000	0.273
happy	0.004	0.000	0.001	0.828	0.007	0.000	0.160
happy	0.003	0.000	0.001	0.745	0.007	0.000	0.244
happy	0.004	0.000	0.001	0.762	0.007	0.001	0.225
happy	0.004	0.000	0.001	0.803	0.009	0.000	0.183
happy	0.007	0.000	0.001	0.697	0.012	0.001	0.282
happy	0.006	0.000	0.001	0.659	0.017	0.000	0.316
happy	0.006	0.000	0.002	0.671	0.015	0.002	0.303
happy	0.007	0.000	0.001	0.538	0.015	0.001	0.438
happy	0.003	0.000	0.001	0.819	0.007	0.001	0.170
happy	0.002	0.000	0.001	0.808	0.006	0.002	0.181
happy	0.006	0.000	0.001	0.785	0.010	0.001	0.195
happy	0.004	0.000	0.001	0.768	0.013	0.001	0.213
happy	0.004	0.000	0.001	0.648	0.019	0.001	0.327
happy	0.003	0.000	0.001	0.736	0.011	0.001	0.248
happy	0.008	0.000	0.004	0.815	0.014	0.011	0.148
happy	0.008	0.000	0.004	0.855	0.015	0.008	0.111
happy	0.008	0.000	0.005	0.844	0.018	0.005	0.119
happy	0.025	0.000	0.012	0.733	0.041	0.013	0.177
happy	0.041	0.000	0.014	0.726	0.081	0.009	0.129
happy	0.018	0.000	0.006	0.748	0.030	0.007	0.191
happy	0.008	0.000	0.004	0.709	0.024	0.006	0.249
happy	0.010	0.000	0.007	0.590	0.033	0.005	0.354
happy	0.005	0.000	0.002	0.784	0.015	0.002	0.194
happy	0.002	0.000	0.001	0.810	0.009	0.001	0.176
happy	0.003	0.000	0.001	0.868	0.008	0.001	0.118
happy	0.007	0.000	0.001	0.891	0.009	0.001	0.091
happy	0.006	0.000	0.003	0.808	0.014	0.003	0.167
happy	0.004	0.000	0.003	0.643	0.026	0.001	0.323
neutral	0.008	0.000	0.007	0.183	0.088	0.001	0.712
neutral	0.015	0.000	0.012	0.139	0.118	0.002	0.713
neutral	0.013	0.000	0.011	0.160	0.095	0.002	0.718
neutral	0.015	0.000	0.007	0.213	0.099	0.002	0.664
neutral	0.008	0.000	0.003	0.376	0.030	0.002	0.581
neutral	0.018	0.000	0.005	0.289	0.066	0.001	0.621
neutral	0.013	0.000	0.007	0.349	0.053	0.002	0.574
neutral	0.018	0.000	0.007	0.365	0.073	0.002	0.535
neutral	0.011	0.000	0.005	0.314	0.036	0.002	0.631
neutral	0.019	0.000	0.008	0.263	0.038	0.004	0.667
neutral	0.018	0.000	0.005	0.281	0.020	0.002	0.674
neutral	0.020	0.000	0.009	0.435	0.022	0.006	0.508
happy	0.013	0.000	0.002	0.516	0.021	0.003	0.445
happy	0.011	0.000	0.002	0.609	0.011	0.003	0.365
happy	0.007	0.000	0.003	0.547	0.018	0.005	0.420
happy	0.005	0.000	0.002	0.739	0.012	0.004	0.238
happy	0.012	0.000	0.002	0.552	0.015	0.002	0.417
happy	0.008	0.000	0.002	0.695	0.018	0.003	0.274
happy	0.012	0.000	0.007	0.539	0.041	0.005	0.396
happy	0.016	0.001	0.002	0.748	0.012	0.004	0.217
happy	0.015	0.000	0.001	0.817	0.004	0.002	0.160
happy	0.007	0.000	0.001	0.875	0.008	0.003	0.106
happy	0.023	0.000	0.004	0.636	0.026	0.008	0.304
happy	0.009	0.000	0.001	0.886	0.008	0.003	0.092
happy	0.006	0.000	0.002	0.794	0.018	0.003	0.177
happy	0.018	0.001	0.002	0.806	0.011	0.005	0.157
happy	0.007	0.000	0.002	0.765	0.020	0.003	0.203
happy	0.007	0.000	0.002	0.700	0.025	0.004	0.261
happy	0.015	0.001	0.002	0.775	0.015	0.005	0.188
happy	0.014	0.001	0.003	0.790	0.016	0.006	0.170
happy	0.009	0.000	0.002	0.794	0.012	0.004	0.180
happy	0.007	0.000	0.002	0.764	0.020	0.003	0.203
happy	0.011	0.000	0.002	0.804	0.012	0.006	0.164
happy	0.012	0.000	0.003	0.655	0.041	0.005	0.284
happy	0.011	0.000	0.001	0.842	0.009	0.003	0.133
happy	0.008	0.000	0.001	0.830	0.011	0.003	0.146
happy	0.010	0.000	0.001	0.853	0.010	0.002	0.123
happy	0.010	0.000	0.001	0.786	0.016	0.003	0.184
happy	0.009	0.000	0.001	0.873	0.010	0.002	0.106
happy	0.016	0.000	0.004	0.685	0.032	0.004	0.257
happy	0.014	0.001	0.001	0.866	0.009	0.003	0.106
happy	0.014	0.000	0.000	0.846	0.004	0.002	0.133
happy	0.027	0.000	0.002	0.806	0.010	0.003	0.151
happy	0.010	0.000	0.001	0.922	0.005	0.003	0.059
happy	0.007	0.000	0.001	0.835	0.011	0.003	0.144
happy	0.008	0.000	0.001	0.929	0.005	0.002	0.055
happy	0.011	0.000	0.001	0.913	0.005	0.004	0.067
happy	0.009	0.000	0.002	0.849	0.014	0.003	0.123
happy	0.010	0.000	0.001	0.858	0.008	0.002	0.121
happy	0.030	0.001	0.004	0.659	0.051	0.004	0.251
happy	0.010	0.001	0.002	0.773	0.018	0.002	0.195
happy	0.013	0.000	0.001	0.725	0.019	0.003	0.239
happy	0.012	0.000	0.003	0.745	0.021	0.004	0.216
happy	0.014	0.001	0.002	0.734	0.018	0.003	0.228
happy	0.015	0.001	0.002	0.783	0.016	0.004	0.179
happy	0.010	0.001	0.003	0.737	0.022	0.003	0.224
happy	0.006	0.000	0.001	0.777	0.013	0.002	0.201
happy	0.008	0.000	0.001	0.719	0.018	0.003	0.251
happy	0.010	0.000	0.002	0.820	0.014	0.003	0.151
happy	0.008	0.000	0.001	0.817	0.012	0.002	0.161
happy	0.008	0.000	0.001	0.839	0.007	0.002	0.144
happy	0.011	0.000	0.001	0.881	0.006	0.002	0.099
happy	0.010	0.000	0.001	0.817	0.010	0.002	0.160
happy	0.008	0.000	0.001	0.772	0.014	0.002	0.202
happy	0.013	0.000	0.001	0.764	0.016	0.002	0.202
happy	0.011	0.000	0.003	0.689	0.028	0.003	0.266
happy	0.012	0.000	0.001	0.856	0.009	0.002	0.119
happy	0.019	0.000	0.003	0.803	0.029	0.002	0.144
happy	0.014	0.000	0.002	0.860	0.014	0.005	0.105
happy	0.007	0.000	0.002	0.722	0.018	0.003	0.247
happy	0.014	0.000	0.004	0.682	0.029	0.004	0.266
happy	0.014	0.000	0.004	0.682	0.029	0.005	0.266
happy	0.012	0.001	0.001	0.777	0.014	0.003	0.192
happy	0.007	0.000	0.001	0.757	0.012	0.003	0.220
happy	0.008	0.000	0.001	0.678	0.017	0.002	0.293
happy	0.009	0.000	0.002	0.731	0.023	0.002	0.232
happy	0.009	0.000	0.002	0.787	0.013	0.003	0.187
happy	0.006	0.000	0.001	0.753	0.014	0.002	0.223
happy	0.006	0.000	0.002	0.703	0.031	0.002	0.256
happy	0.007	0.000	0.002	0.682	0.029	0.002	0.278
happy	0.010	0.000	0.001	0.786	0.012	0.002	0.189
happy	0.008	0.000	0.002	0.706	0.023	0.003	0.259
happy	0.012	0.000	0.003	0.629	0.029	0.003	0.323
happy	0.021	0.001	0.003	0.502	0.039	0.007	0.427
happy	0.017	0.001	0.003	0.722	0.020	0.006	0.232
happy	0.017	0.000	0.002	0.670	0.023	0.005	0.282
happy	0.021	0.000	0.005	0.613	0.039	0.007	0.315
happy	0.010	0.001	0.001	0.668	0.019	0.003	0.298
happy	0.010	0.000	0.001	0.723	0.021	0.003	0.242
happy	0.009	0.000	0.001	0.709	0.018	0.003	0.259
happy	0.012	0.001	0.003	0.758	0.021	0.003	0.203
happy	0.006	0.000	0.001	0.685	0.013	0.002	0.292
happy	0.006	0.000	0.002	0.720	0.028	0.004	0.239
happy	0.015	0.000	0.002	0.735	0.022	0.004	0.221
happy	0.021	0.001	0.006	0.591	0.049	0.008	0.324
happy	0.009	0.000	0.002	0.767	0.018	0.002	0.202
happy	0.007	0.000	0.001	0.722	0.023	0.002	0.244
happy	0.011	0.000	0.003	0.663	0.033	0.005	0.286
happy	0.008	0.000	0.002	0.669	0.024	0.003	0.294
happy	0.009	0.000	0.002	0.732	0.020	0.002	0.235
happy	0.039	0.001	0.006	0.719	0.059	0.003	0.173
happy	0.011	0.000	0.003	0.726	0.020	0.006	0.233
happy	0.012	0.001	0.004	0.672	0.033	0.005	0.273
happy	0.017	0.001	0.004	0.715	0.029	0.005	0.230
happy	0.012	0.001	0.003	0.695	0.034	0.003	0.253
happy	0.016	0.001	0.006	0.616	0.044	0.005	0.312
happy	0.007	0.000	0.002	0.712	0.031	0.003	0.244
happy	0.013	0.000	0.004	0.649	0.044	0.005	0.284
happy	0.012	0.001	0.004	0.674	0.030	0.005	0.275
happy	0.012	0.000	0.004	0.556	0.062	0.004	0.361
happy	0.013	0.001	0.005	0.514	0.046	0.004	0.417
happy	0.016	0.001	0.006	0.560	0.056	0.006	0.356
happy	0.020	0.001	0.006	0.547	0.059	0.006	0.360
happy	0.012	0.000	0.005	0.544	0.054	0.006	0.378
happy	0.018	0.001	0.005	0.666	0.037	0.007	0.267
happy	0.016	0.001	0.004	0.655	0.030	0.005	0.289
happy	0.015	0.000	0.005	0.634	0.055	0.006	0.284
happy	0.008	0.000	0.004	0.708	0.034	0.005	0.241
happy	0.037	0.000	0.007	0.672	0.087	0.006	0.190
happy	0.020	0.000	0.004	0.652	0.055	0.005	0.263
happy	0.021	0.000	0.004	0.650	0.043	0.004	0.278
happy	0.027	0.002	0.008	0.542	0.058	0.010	0.354
happy	0.009	0.001	0.004	0.607	0.035	0.005	0.340
happy	0.009	0.000	0.002	0.714	0.022	0.003	0.250
happy	0.012	0.000	0.001	0.750	0.013	0.002	0.222
happy	0.015	0.000	0.002	0.660	0.024	0.003	0.296
happy	0.028	0.002	0.003	0.652	0.031	0.003	0.281
happy	0.020	0.000	0.004	0.560	0.048	0.006	0.361
happy	0.021	0.000	0.004	0.588	0.046	0.004	0.336
neutral	0.015	0.000	0.003	0.392	0.055	0.004	0.530
happy	0.022	0.001	0.005	0.581	0.049	0.008	0.335
happy	0.052	0.001	0.006	0.560	0.097	0.004	0.281
happy	0.031	0.001	0.006	0.703	0.055	0.006	0.198
happy	0.021	0.001	0.006	0.562	0.057	0.007	0.345
happy	0.039	0.000	0.005	0.627	0.078	0.004	0.247
happy	0.024	0.000	0.004	0.728	0.031	0.005	0.208
happy	0.030	0.001	0.004	0.585	0.048	0.006	0.326
happy	0.025	0.001	0.002	0.690	0.013	0.006	0.263
happy	0.027	0.001	0.008	0.510	0.057	0.014	0.382
happy	0.025	0.001	0.006	0.507	0.063	0.006	0.393
happy	0.021	0.001	0.005	0.553	0.052	0.006	0.363
happy	0.016	0.000	0.004	0.554	0.046	0.006	0.373
happy	0.023	0.001	0.006	0.645	0.048	0.010	0.268
happy	0.021	0.001	0.007	0.620	0.057	0.010	0.285
happy	0.030	0.001	0.005	0.532	0.048	0.007	0.377
happy	0.030	0.001	0.006	0.529	0.049	0.010	0.376
happy	0.029	0.001	0.009	0.450	0.058	0.012	0.441
happy	0.014	0.000	0.004	0.585	0.041	0.004	0.352
happy	0.013	0.001	0.004	0.483	0.042	0.005	0.453
happy	0.022	0.001	0.005	0.568	0.056	0.007	0.342
happy	0.021	0.001	0.006	0.554	0.063	0.008	0.349
happy	0.011	0.000	0.004	0.620	0.040	0.007	0.318
happy	0.021	0.000	0.004	0.674	0.054	0.005	0.241
happy	0.017	0.000	0.003	0.588	0.039	0.004	0.350
happy	0.013	0.001	0.002	0.654	0.024	0.002	0.303
happy	0.046	0.000	0.005	0.621	0.095	0.004	0.229
happy	0.018	0.000	0.003	0.654	0.032	0.004	0.289
happy	0.016	0.000	0.002	0.712	0.027	0.002	0.240
happy	0.016	0.000	0.002	0.700	0.017	0.003	0.261
happy	0.020	0.000	0.002	0.661	0.022	0.003	0.292
happy	0.038	0.001	0.003	0.685	0.028	0.005	0.240
happy	0.020	0.001	0.003	0.556	0.038	0.006	0.376
happy	0.019	0.001	0.003	0.608	0.041	0.005	0.324
happy	0.018	0.000	0.003	0.637	0.037	0.006	0.298
happy	0.023	0.001	0.007	0.567	0.048	0.010	0.345
happy	0.027	0.001	0.007	0.488	0.068	0.006	0.404
neutral	0.031	0.000	0.005	0.411	0.070	0.003	0.480
happy	0.023	0.001	0.008	0.508	0.050	0.014	0.396
happy	0.021	0.000	0.003	0.599	0.037	0.004	0.335
happy	0.017	0.001	0.005	0.558	0.048	0.008	0.363
happy	0.016	0.001	0.005	0.553	0.040	0.005	0.380
happy	0.021	0.001	0.006	0.488	0.058	0.007	0.419
happy	0.032	0.001	0.008	0.537	0.047	0.011	0.365
happy	0.022	0.000	0.003	0.582	0.038	0.003	0.352
happy	0.036	0.001	0.004	0.627	0.037	0.004	0.291
happy	0.035	0.001	0.003	0.654	0.034	0.003	0.271
happy	0.041	0.001	0.003	0.640	0.024	0.004	0.286
happy	0.029	0.000	0.003	0.717	0.022	0.004	0.224
happy	0.035	0.001	0.003	0.653	0.028	0.003	0.278
happy	0.026	0.000	0.003	0.661	0.028	0.004	0.278
happy	0.032	0.001	0.003	0.634	0.033	0.003	0.295
happy	0.032	0.001	0.003	0.680	0.024	0.005	0.254
happy	0.019	0.001	0.002	0.672	0.020	0.002	0.285
happy	0.014	0.000	0.002	0.556	0.036	0.002	0.390
happy	0.024	0.001	0.004	0.514	0.046	0.004	0.407
happy	0.022	0.000	0.004	0.550	0.046	0.005	0.373
happy	0.019	0.001	0.004	0.483	0.056	0.004	0.433
happy	0.014	0.000	0.004	0.491	0.047	0.004	0.439
happy	0.023	0.001	0.005	0.505	0.060	0.004	0.402
happy	0.026	0.000	0.004	0.614	0.080	0.003	0.272
happy	0.019	0.001	0.003	0.558	0.023	0.003	0.393
happy	0.027	0.000	0.003	0.653	0.031	0.002	0.283
happy	0.017	0.000	0.002	0.721	0.022	0.002	0.235
happy	0.025	0.000	0.006	0.601	0.085	0.003	0.280
happy	0.011	0.000	0.002	0.726	0.023	0.002	0.236
happy	0.005	0.000	0.001	0.856	0.008	0.003	0.127
happy	0.004	0.000	0.001	0.910	0.005	0.003	0.076
happy	0.007	0.000	0.002	0.816	0.008	0.004	0.163
happy	0.005	0.000	0.001	0.935	0.005	0.004	0.050
happy	0.003	0.000	0.001	0.947	0.004	0.003	0.042
happy	0.010	0.000	0.001	0.947	0.005	0.003	0.035
happy	0.004	0.000	0.001	0.966	0.003	0.002	0.025
happy	0.006	0.000	0.001	0.958	0.007	0.001	0.027
happy	0.006	0.000	0.001	0.965	0.004	0.001	0.023
happy	0.012	0.000	0.001	0.942	0.009	0.002	0.034
happy	0.007	0.000	0.001	0.968	0.005	0.001	0.018
happy	0.004	0.000	0.001	0.970	0.002	0.001	0.022
happy	0.005	0.000	0.001	0.978	0.003	0.001	0.013
happy	0.011	0.000	0.001	0.937	0.009	0.004	0.038
happy	0.005	0.000	0.000	0.964	0.005	0.001	0.024
happy	0.004	0.000	0.000	0.977	0.003	0.001	0.015
happy	0.008	0.000	0.001	0.967	0.005	0.001	0.019
happy	0.007	0.000	0.001	0.973	0.005	0.001	0.014
happy	0.013	0.000	0.002	0.943	0.009	0.003	0.030
happy	0.009	0.000	0.001	0.970	0.004	0.001	0.016
happy	0.006	0.000	0.000	0.979	0.003	0.001	0.012
happy	0.007	0.000	0.001	0.967	0.004	0.001	0.020
happy	0.003	0.000	0.001	0.978	0.002	0.003	0.014
happy	0.004	0.000	0.001	0.976	0.003	0.001	0.015
happy	0.004	0.000	0.000	0.984	0.002	0.000	0.010
happy	0.003	0.000	0.000	0.978	0.002	0.003	0.013
happy	0.002	0.000	0.000	0.989	0.000	0.002	0.006
happy	0.000	0.000	0.000	0.997	0.000	0.000	0.002
happy	0.001	0.000	0.000	0.989	0.000	0.001	0.009
happy	0.004	0.000	0.001	0.900	0.004	0.001	0.090
happy	0.000	0.000	0.000	0.993	0.001	0.000	0.006
happy	0.000	0.000	0.000	0.998	0.000	0.000	0.002
happy	0.000	0.000	0.000	0.994	0.000	0.000	0.005
happy	0.000	0.000	0.000	0.990	0.000	0.001	0.008
happy	0.000	0.000	0.000	0.988	0.001	0.001	0.010
happy	0.002	0.000	0.000	0.992	0.001	0.002	0.002
happy	0.002	0.000	0.000	0.988	0.001	0.003	0.005
happy	0.001	0.000	0.000	0.992	0.000	0.001	0.005
happy	0.001	0.000	0.000	0.991	0.000	0.001	0.006
happy	0.004	0.000	0.000	0.959	0.002	0.002	0.033
happy	0.001	0.000	0.000	0.987	0.001	0.001	0.011
happy	0.006	0.000	0.001	0.974	0.004	0.003	0.012
happy	0.003	0.000	0.001	0.967	0.002	0.004	0.023
happy	0.003	0.000	0.001	0.975	0.002	0.002	0.018
happy	0.005	0.000	0.001	0.955	0.002	0.005	0.032
happy	0.003	0.000	0.001	0.970	0.002	0.003	0.022
happy	0.009	0.000	0.003	0.897	0.017	0.011	0.063
happy	0.003	0.000	0.003	0.853	0.014	0.008	0.119
happy	0.010	0.000	0.004	0.844	0.016	0.008	0.118
happy	0.008	0.000	0.004	0.821	0.012	0.018	0.137
happy	0.005	0.000	0.002	0.867	0.006	0.008	0.111
happy	0.007	0.000	0.003	0.800	0.020	0.011	0.160
happy	0.009	0.000	0.003	0.864	0.012	0.012	0.100
happy	0.005	0.000	0.003	0.845	0.013	0.012	0.122
happy	0.004	0.000	0.002	0.837	0.011	0.013	0.133
happy	0.011	0.000	0.004	0.717	0.021	0.008	0.239
happy	0.016	0.000	0.005	0.750	0.033	0.012	0.183
happy	0.006	0.000	0.003	0.640	0.022	0.008	0.321
happy	0.006	0.000	0.002	0.685	0.017	0.006	0.284
happy	0.006	0.000	0.002	0.757	0.013	0.008	0.215
happy	0.012	0.000	0.003	0.706	0.024	0.009	0.246
happy	0.007	0.000	0.002	0.779	0.012	0.006	0.195
happy	0.006	0.000	0.002	0.754	0.011	0.006	0.221
happy	0.005	0.000	0.002	0.859	0.010	0.008	0.117
happy	0.009	0.000	0.002	0.750	0.020	0.014	0.205
happy	0.005	0.000	0.002	0.762	0.020	0.013	0.198
happy	0.013	0.001	0.006	0.740	0.045	0.020	0.176
happy	0.007	0.000	0.002	0.768	0.017	0.006	0.200
happy	0.031	0.001	0.006	0.527	0.139	0.003	0.293
happy	0.021	0.002	0.007	0.677	0.080	0.012	0.202
happy	0.010	0.002	0.006	0.516	0.049	0.010	0.407
happy	0.016	0.001	0.008	0.507	0.077	0.014	0.378
happy	0.014	0.002	0.008	0.629	0.062	0.011	0.275
neutral	0.010	0.001	0.005	0.457	0.040	0.022	0.465
happy	0.007	0.001	0.003	0.728	0.021	0.012	0.229
happy	0.007	0.000	0.001	0.756	0.016	0.007	0.212
happy	0.008	0.000	0.002	0.755	0.022	0.004	0.210
happy	0.007	0.000	0.002	0.734	0.014	0.015	0.228
happy	0.006	0.000	0.001	0.830	0.012	0.004	0.147
happy	0.010	0.000	0.002	0.736	0.017	0.011	0.225
happy	0.005	0.000	0.001	0.825	0.011	0.006	0.151
happy	0.006	0.000	0.004	0.652	0.019	0.019	0.300
happy	0.006	0.000	0.002	0.910	0.013	0.023	0.045
happy	0.003	0.000	0.001	0.922	0.007	0.009	0.058
happy	0.003	0.000	0.001	0.913	0.003	0.010	0.069
happy	0.005	0.000	0.002	0.898	0.010	0.014	0.071
happy	0.004	0.000	0.002	0.901	0.010	0.013	0.071
happy	0.005	0.000	0.002	0.871	0.014	0.009	0.099
happy	0.005	0.000	0.001	0.917	0.008	0.010	0.059
happy	0.006	0.000	0.002	0.885	0.011	0.015	0.081
happy	0.004	0.000	0.001	0.920	0.007	0.007	0.061
happy	0.007	0.000	0.003	0.880	0.017	0.006	0.087
happy	0.006	0.000	0.003	0.838	0.017	0.016	0.119
happy	0.012	0.000	0.004	0.794	0.023	0.028	0.139
happy	0.009	0.000	0.003	0.803	0.020	0.012	0.153
happy	0.005	0.000	0.002	0.879	0.012	0.007	0.095
happy	0.006	0.000	0.002	0.873	0.013	0.009	0.097
happy	0.008	0.000	0.003	0.799	0.020	0.013	0.158
happy	0.008	0.000	0.002	0.864	0.011	0.007	0.108
happy	0.006	0.000	0.003	0.842	0.021	0.007	0.121
happy	0.005	0.000	0.002	0.858	0.017	0.007	0.111
happy	0.035	0.000	0.012	0.735	0.054	0.031	0.134
happy	0.005	0.000	0.001	0.822	0.013	0.007	0.152
happy	0.006	0.000	0.002	0.803	0.014	0.007	0.170
happy	0.008	0.000	0.002	0.596	0.014	0.011	0.370
happy	0.007	0.000	0.005	0.717	0.044	0.010	0.216
happy	0.009	0.000	0.005	0.705	0.039	0.009	0.232
happy	0.010	0.001	0.006	0.704	0.046	0.011	0.223
happy	0.009	0.000	0.005	0.704	0.040	0.011	0.231
happy	0.008	0.000	0.004	0.728	0.034	0.009	0.216
happy	0.024	0.000	0.005	0.757	0.048	0.009	0.156
happy	0.006	0.000	0.003	0.822	0.018	0.011	0.140
happy	0.006	0.000	0.002	0.816	0.010	0.007	0.158
happy	0.012	0.000	0.002	0.719	0.020	0.005	0.241
happy	0.012	0.000	0.004	0.747	0.030	0.011	0.195
happy	0.012	0.000	0.004	0.719	0.023	0.013	0.230
happy	0.019	0.001	0.011	0.564	0.072	0.010	0.323
happy	0.017	0.001	0.004	0.678	0.036	0.012	0.253
happy	0.014	0.000	0.003	0.648	0.040	0.008	0.287
happy	0.015	0.000	0.004	0.599	0.045	0.011	0.324
happy	0.014	0.000	0.004	0.702	0.030	0.014	0.235
happy	0.025	0.001	0.005	0.612	0.049	0.011	0.297
happy	0.021	0.002	0.006	0.569	0.054	0.010	0.339
happy	0.021	0.001	0.005	0.620	0.053	0.010	0.290
happy	0.012	0.001	0.004	0.729	0.040	0.012	0.202
happy	0.012	0.001	0.003	0.776	0.029	0.012	0.167
happy	0.020	0.002	0.004	0.666	0.050	0.013	0.245
happy	0.013	0.001	0.004	0.714	0.034	0.013	0.221
happy	0.018	0.001	0.005	0.633	0.047	0.012	0.283
happy	0.024	0.001	0.004	0.638	0.043	0.009	0.281
happy	0.025	0.001	0.005	0.692	0.040	0.011	0.226
happy	0.023	0.001	0.006	0.669	0.052	0.009	0.239
happy	0.035	0.002	0.005	0.566	0.061	0.009	0.322
happy	0.040	0.001	0.007	0.563	0.136	0.010	0.244
happy	0.093	0.001	0.011	0.515	0.131	0.010	0.240
happy	0.022	0.001	0.004	0.613	0.046	0.009	0.306
happy	0.039	0.002	0.009	0.547	0.096	0.012	0.295
happy	0.058	0.001	0.009	0.715	0.071	0.014	0.132
happy	0.027	0.001	0.006	0.614	0.069	0.009	0.273
happy	0.038	0.001	0.004	0.488	0.055	0.009	0.403
happy	0.012	0.000	0.003	0.778	0.029	0.009	0.168
happy	0.007	0.000	0.002	0.665	0.022	0.008	0.296
happy	0.019	0.000	0.003	0.655	0.025	0.007	0.292
happy	0.029	0.001	0.003	0.552	0.028	0.006	0.382
happy	0.030	0.001	0.003	0.683	0.023	0.007	0.253
happy	0.034	0.002	0.007	0.464	0.078	0.011	0.402
happy	0.025	0.001	0.008	0.572	0.085	0.011	0.297
neutral	0.043	0.002	0.007	0.353	0.091	0.011	0.493
happy	0.019	0.001	0.006	0.614	0.060	0.010	0.289
happy	0.024	0.002	0.006	0.588	0.067	0.008	0.304
happy	0.030	0.001	0.004	0.531	0.053	0.012	0.369
happy	0.026	0.001	0.004	0.584	0.040	0.005	0.340
happy	0.025	0.001	0.004	0.493	0.041	0.004	0.432
happy	0.031	0.003	0.004	0.580	0.048	0.008	0.327
happy	0.027	0.002	0.004	0.577	0.049	0.006	0.335
happy	0.033	0.002	0.003	0.502	0.047	0.006	0.407
happy	0.045	0.004	0.012	0.518	0.139	0.009	0.274
happy	0.088	0.004	0.013	0.390	0.176	0.013	0.317
happy	0.033	0.005	0.008	0.511	0.097	0.009	0.338
happy	0.052	0.002	0.004	0.473	0.055	0.007	0.406
happy	0.031	0.004	0.009	0.517	0.082	0.006	0.352
happy	0.040	0.002	0.004	0.565	0.048	0.005	0.337
happy	0.041	0.003	0.007	0.647	0.071	0.005	0.225
happy	0.023	0.001	0.003	0.508	0.043	0.003	0.419
happy	0.027	0.001	0.004	0.627	0.047	0.005	0.289
happy	0.038	0.003	0.004	0.615	0.050	0.005	0.287
happy	0.040	0.004	0.006	0.505	0.069	0.005	0.372
happy	0.028	0.002	0.003	0.494	0.050	0.004	0.418
happy	0.036	0.002	0.004	0.540	0.053	0.005	0.359
happy	0.012	0.001	0.005	0.534	0.078	0.010	0.360
happy	0.024	0.002	0.003	0.469	0.053	0.004	0.444
happy	0.020	0.002	0.004	0.601	0.054	0.006	0.313
neutral	0.033	0.002	0.003	0.446	0.051	0.004	0.461
happy	0.023	0.002	0.011	0.447	0.120	0.010	0.387
happy	0.019	0.001	0.004	0.611	0.050	0.006	0.309
happy	0.022	0.003	0.005	0.614	0.060	0.009	0.287
happy	0.042	0.002	0.010	0.432	0.134	0.010	0.370
happy	0.040	0.005	0.009	0.515	0.128	0.009	0.294
happy	0.019	0.001	0.003	0.615	0.040	0.005	0.316
happy	0.038	0.002	0.004	0.536	0.046	0.003	0.372
happy	0.034	0.001	0.004	0.581	0.041	0.004	0.334
happy	0.022	0.002	0.002	0.708	0.026	0.004	0.237
happy	0.023	0.001	0.003	0.608	0.025	0.008	0.332
happy	0.031	0.001	0.003	0.487	0.035	0.007	0.435
happy	0.025	0.002	0.003	0.566	0.034	0.006	0.364
happy	0.019	0.002	0.005	0.577	0.046	0.007	0.345
happy	0.017	0.002	0.003	0.689	0.040	0.006	0.243
happy	0.017	0.001	0.005	0.585	0.054	0.006	0.332
happy	0.032	0.001	0.003	0.606	0.039	0.005	0.313
happy	0.018	0.001	0.002	0.718	0.018	0.007	0.236
happy	0.027	0.001	0.002	0.632	0.028	0.004	0.307
happy	0.021	0.001	0.002	0.695	0.026	0.004	0.251
happy	0.033	0.002	0.003	0.591	0.040	0.005	0.327
happy	0.023	0.001	0.002	0.629	0.030	0.003	0.311
happy	0.022	0.001	0.002	0.693	0.023	0.005	0.253
happy	0.025	0.003	0.002	0.640	0.027	0.005	0.298
happy	0.029	0.003	0.006	0.461	0.051	0.007	0.444
happy	0.023	0.007	0.004	0.693	0.045	0.002	0.226
happy	0.022	0.003	0.006	0.759	0.043	0.003	0.164
happy	0.022	0.004	0.004	0.688	0.038	0.002	0.242
happy	0.013	0.002	0.002	0.802	0.025	0.002	0.155
happy	0.004	0.000	0.002	0.871	0.016	0.002	0.105
happy	0.004	0.000	0.002	0.903	0.011	0.003	0.077
happy	0.003	0.000	0.000	0.980	0.003	0.001	0.013
happy	0.002	0.000	0.000	0.977	0.003	0.001	0.017
happy	0.003	0.000	0.000	0.981	0.002	0.001	0.012
happy	0.005	0.000	0.001	0.954	0.006	0.004	0.030
happy	0.003	0.000	0.000	0.984	0.003	0.001	0.009
happy	0.005	0.000	0.001	0.948	0.010	0.001	0.035
happy	0.004	0.000	0.001	0.956	0.008	0.002	0.029
happy	0.004	0.000	0.001	0.968	0.006	0.002	0.018
happy	0.004	0.000	0.001	0.984	0.003	0.001	0.008
happy	0.001	0.000	0.000	0.992	0.001	0.001	0.005
happy	0.001	0.000	0.000	0.993	0.001	0.001	0.004
happy	0.001	0.000	0.000	0.992	0.001	0.001	0.005
happy	0.001	0.000	0.000	0.993	0.001	0.001	0.004
happy	0.001	0.000	0.000	0.994	0.000	0.000	0.004
happy	0.001	0.000	0.000	0.995	0.000	0.000	0.004
happy	0.001	0.000	0.000	0.993	0.001	0.000	0.005
happy	0.001	0.000	0.000	0.992	0.001	0.000	0.006
happy	0.001	0.000	0.000	0.995	0.000	0.000	0.003
happy	0.001	0.000	0.000	0.994	0.001	0.001	0.004
happy	0.001	0.000	0.000	0.996	0.000	0.000	0.002
happy	0.001	0.000	0.000	0.997	0.000	0.000	0.002
happy	0.001	0.000	0.000	0.995	0.001	0.000	0.003
happy	0.001	0.000	0.000	0.995	0.001	0.000	0.003
happy	0.001	0.000	0.000	0.995	0.001	0.000	0.002
happy	0.006	0.000	0.002	0.982	0.003	0.002	0.006
happy	0.005	0.000	0.001	0.972	0.005	0.002	0.015
happy	0.004	0.000	0.002	0.949	0.010	0.002	0.035
happy	0.004	0.000	0.001	0.971	0.004	0.001	0.019
happy	0.007	0.000	0.001	0.981	0.005	0.001	0.006
happy	0.002	0.000	0.001	0.988	0.002	0.001	0.006
happy	0.006	0.000	0.001	0.965	0.009	0.001	0.019
happy	0.005	0.000	0.001	0.974	0.006	0.006	0.008
happy	0.003	0.000	0.001	0.978	0.005	0.003	0.010
happy	0.001	0.000	0.000	0.980	0.001	0.008	0.009
happy	0.002	0.000	0.000	0.984	0.001	0.005	0.008
happy	0.002	0.000	0.000	0.956	0.003	0.002	0.037
happy	0.001	0.000	0.000	0.983	0.001	0.000	0.015
happy	0.000	0.000	0.000	0.994	0.000	0.000	0.005
happy	0.001	0.000	0.000	0.994	0.000	0.000	0.005
happy	0.000	0.000	0.000	0.998	0.000	0.000	0.002
happy	0.001	0.000	0.000	0.996	0.000	0.000	0.003
happy	0.001	0.000	0.000	0.996	0.000	0.000	0.003
happy	0.001	0.000	0.000	0.995	0.000	0.000	0.004
happy	0.000	0.000	0.000	0.996	0.000	0.000	0.003
happy	0.000	0.000	0.000	0.998	0.000	0.000	0.001
happy	0.001	0.000	0.000	0.996	0.000	0.000	0.003
happy	0.000	0.000	0.000	0.997	0.000	0.000	0.003
happy	0.000	0.000	0.000	0.997	0.000	0.000	0.002
happy	0.001	0.000	0.000	0.998	0.000	0.000	0.001
happy	0.000	0.000	0.000	0.998	0.000	0.000	0.001
happy	0.001	0.000	0.000	0.996	0.000	0.000	0.002
happy	0.001	0.000	0.000	0.996	0.000	0.001	0.003
happy	0.001	0.000	0.000	0.993	0.000	0.002	0.004
happy	0.002	0.000	0.000	0.985	0.000	0.001	0.011
happy	0.001	0.000	0.000	0.989	0.000	0.001	0.008
happy	0.001	0.000	0.000	0.987	0.000	0.001	0.010
happy	0.001	0.000	0.000	0.988	0.000	0.001	0.010
happy	0.001	0.000	0.000	0.992	0.000	0.000	0.006
happy	0.002	0.000	0.000	0.986	0.000	0.001	0.011
happy	0.002	0.000	0.000	0.988	0.000	0.002	0.008
happy	0.001	0.000	0.000	0.989	0.000	0.000	0.009
happy	0.002	0.000	0.000	0.979	0.001	0.002	0.017
happy	0.001	0.000	0.000	0.988	0.000	0.001	0.009
happy	0.001	0.000	0.000	0.983	0.001	0.000	0.015
happy	0.001	0.000	0.000	0.985	0.001	0.001	0.013
happy	0.001	0.000	0.000	0.979	0.001	0.001	0.018
happy	0.001	0.000	0.000	0.985	0.000	0.001	0.013
happy	0.001	0.000	0.000	0.986	0.001	0.001	0.011
happy	0.001	0.000	0.000	0.990	0.000	0.001	0.008
happy	0.001	0.000	0.000	0.986	0.000	0.001	0.012
happy	0.002	0.000	0.000	0.978	0.001	0.002	0.018
happy	0.001	0.000	0.000	0.981	0.001	0.001	0.016
happy	0.002	0.000	0.000	0.977	0.001	0.002	0.019
happy	0.002	0.000	0.000	0.980	0.001	0.004	0.014
happy	0.001	0.000	0.000	0.982	0.001	0.001	0.015
happy	0.001	0.000	0.000	0.974	0.001	0.002	0.022
happy	0.002	0.000	0.000	0.979	0.001	0.003	0.016
happy	0.001	0.000	0.000	0.976	0.001	0.002	0.021
happy	0.002	0.000	0.000	0.974	0.000	0.003	0.021
happy	0.001	0.000	0.000	0.967	0.001	0.003	0.027
happy	0.001	0.000	0.000	0.968	0.001	0.004	0.026
happy	0.005	0.000	0.000	0.959	0.002	0.002	0.032
happy	0.002	0.000	0.000	0.934	0.002	0.003	0.059
happy	0.002	0.000	0.000	0.972	0.001	0.006	0.020
happy	0.004	0.000	0.000	0.936	0.001	0.001	0.057
happy	0.005	0.000	0.000	0.946	0.001	0.002	0.045
happy	0.002	0.000	0.000	0.962	0.001	0.003	0.032
happy	0.003	0.000	0.000	0.958	0.001	0.002	0.036
happy	0.002	0.000	0.000	0.961	0.001	0.002	0.033
happy	0.002	0.000	0.000	0.974	0.001	0.003	0.020
happy	0.001	0.000	0.000	0.976	0.001	0.004	0.017
happy	0.003	0.000	0.000	0.945	0.003	0.002	0.046
happy	0.002	0.000	0.000	0.948	0.003	0.002	0.046
happy	0.001	0.000	0.000	0.962	0.002	0.001	0.033
happy	0.001	0.000	0.000	0.970	0.001	0.001	0.027
happy	0.001	0.000	0.000	0.957	0.001	0.002	0.039
happy	0.001	0.000	0.000	0.964	0.001	0.002	0.032
happy	0.001	0.000	0.000	0.967	0.001	0.002	0.029
happy	0.003	0.000	0.000	0.956	0.002	0.005	0.034
happy	0.002	0.000	0.000	0.957	0.002	0.005	0.034
happy	0.005	0.000	0.001	0.932	0.003	0.005	0.055
happy	0.004	0.000	0.000	0.946	0.001	0.004	0.044
happy	0.005	0.000	0.001	0.926	0.004	0.005	0.059
happy	0.001	0.000	0.000	0.966	0.001	0.004	0.027
happy	0.001	0.000	0.000	0.965	0.001	0.004	0.028
happy	0.002	0.000	0.000	0.955	0.001	0.005	0.036
happy	0.002	0.000	0.000	0.942	0.001	0.006	0.049
happy	0.002	0.000	0.000	0.936	0.003	0.004	0.053
happy	0.002	0.000	0.000	0.942	0.002	0.002	0.051
happy	0.002	0.000	0.000	0.953	0.001	0.006	0.037
happy	0.005	0.000	0.000	0.943	0.002	0.005	0.044
happy	0.002	0.000	0.000	0.950	0.002	0.002	0.043
happy	0.001	0.000	0.000	0.957	0.001	0.003	0.037
happy	0.001	0.000	0.000	0.963	0.001	0.003	0.031
happy	0.001	0.000	0.000	0.955	0.001	0.002	0.041
happy	0.003	0.000	0.000	0.955	0.002	0.003	0.038
happy	0.003	0.000	0.000	0.962	0.003	0.002	0.030
happy	0.001	0.000	0.000	0.950	0.001	0.002	0.045
happy	0.001	0.000	0.000	0.961	0.001	0.003	0.034
happy	0.001	0.000	0.000	0.957	0.002	0.005	0.035
happy	0.001	0.000	0.000	0.955	0.002	0.004	0.038
happy	0.003	0.000	0.000	0.945	0.002	0.001	0.048
happy	0.003	0.000	0.000	0.918	0.004	0.001	0.074
happy	0.001	0.000	0.000	0.960	0.001	0.004	0.034
happy	0.002	0.000	0.000	0.962	0.001	0.002	0.033
happy	0.001	0.000	0.000	0.964	0.001	0.002	0.032
happy	0.002	0.000	0.000	0.968	0.001	0.002	0.025
happy	0.002	0.000	0.000	0.968	0.001	0.004	0.025
happy	0.001	0.000	0.000	0.946	0.001	0.003	0.048
happy	0.002	0.000	0.000	0.954	0.002	0.002	0.041
happy	0.002	0.000	0.000	0.961	0.001	0.002	0.034
happy	0.001	0.000	0.000	0.959	0.001	0.003	0.036
happy	0.001	0.000	0.000	0.962	0.001	0.003	0.032
happy	0.001	0.000	0.000	0.976	0.001	0.002	0.020
happy	0.002	0.000	0.000	0.939	0.002	0.002	0.055
happy	0.001	0.000	0.000	0.924	0.002	0.004	0.068
happy	0.002	0.000	0.000	0.965	0.001	0.002	0.030
happy	0.001	0.000	0.000	0.967	0.001	0.004	0.027
happy	0.002	0.000	0.000	0.973	0.001	0.002	0.021
happy	0.003	0.000	0.000	0.967	0.002	0.001	0.026
happy	0.002	0.000	0.000	0.963	0.001	0.003	0.031
happy	0.003	0.000	0.001	0.944	0.001	0.013	0.038
happy	0.005	0.000	0.000	0.953	0.001	0.005	0.036
happy	0.003	0.000	0.000	0.955	0.001	0.006	0.035
happy	0.004	0.000	0.000	0.954	0.001	0.003	0.038
happy	0.001	0.000	0.000	0.967	0.001	0.001	0.030
happy	0.001	0.000	0.000	0.963	0.002	0.001	0.033
happy	0.001	0.000	0.000	0.977	0.001	0.000	0.021
happy	0.001	0.000	0.000	0.967	0.001	0.000	0.030
happy	0.002	0.000	0.001	0.958	0.003	0.001	0.037
happy	0.001	0.000	0.000	0.976	0.001	0.001	0.020
happy	0.003	0.000	0.001	0.845	0.010	0.002	0.138
happy	0.022	0.000	0.003	0.802	0.023	0.006	0.143
happy	0.007	0.000	0.001	0.870	0.008	0.003	0.112
happy	0.016	0.000	0.001	0.820	0.007	0.003	0.153
happy	0.013	0.000	0.001	0.843	0.006	0.004	0.134
happy	0.013	0.000	0.001	0.792	0.008	0.006	0.179
happy	0.021	0.000	0.002	0.718	0.011	0.009	0.239
happy	0.023	0.000	0.002	0.651	0.011	0.007	0.306
happy	0.043	0.000	0.002	0.541	0.009	0.004	0.400
happy	0.028	0.000	0.003	0.486	0.015	0.007	0.460
happy	0.014	0.000	0.002	0.610	0.012	0.004	0.357
happy	0.011	0.000	0.002	0.669	0.022	0.003	0.291
happy	0.013	0.000	0.002	0.742	0.017	0.004	0.221
happy	0.013	0.000	0.001	0.692	0.016	0.002	0.276
happy	0.009	0.000	0.001	0.738	0.014	0.003	0.235
happy	0.006	0.000	0.001	0.703	0.016	0.003	0.271
happy	0.013	0.000	0.003	0.523	0.024	0.004	0.433
happy	0.008	0.000	0.002	0.574	0.018	0.002	0.395
happy	0.007	0.000	0.002	0.565	0.017	0.005	0.403
happy	0.011	0.000	0.002	0.601	0.016	0.003	0.367
neutral	0.024	0.000	0.004	0.453	0.034	0.004	0.479
happy	0.009	0.000	0.003	0.489	0.025	0.003	0.471
neutral	0.016	0.000	0.003	0.403	0.033	0.004	0.540
happy	0.010	0.000	0.002	0.692	0.024	0.003	0.270
happy	0.023	0.000	0.002	0.661	0.024	0.002	0.288
happy	0.014	0.000	0.003	0.680	0.029	0.002	0.272
happy	0.024	0.000	0.003	0.650	0.032	0.002	0.289
happy	0.032	0.000	0.003	0.722	0.028	0.003	0.212
happy	0.032	0.000	0.002	0.603	0.038	0.001	0.323
happy	0.019	0.000	0.002	0.637	0.015	0.004	0.322
happy	0.013	0.000	0.003	0.596	0.017	0.004	0.367
happy	0.014	0.000	0.002	0.689	0.007	0.004	0.284
happy	0.023	0.000	0.002	0.562	0.013	0.004	0.396
happy	0.022	0.000	0.003	0.633	0.014	0.003	0.325
happy	0.015	0.000	0.002	0.483	0.024	0.002	0.473
happy	0.011	0.000	0.001	0.782	0.011	0.002	0.194
happy	0.012	0.000	0.001	0.783	0.013	0.001	0.190
happy	0.003	0.000	0.000	0.939	0.003	0.001	0.054
happy	0.007	0.000	0.001	0.788	0.007	0.001	0.196
happy	0.015	0.000	0.001	0.698	0.010	0.002	0.274
happy	0.014	0.000	0.001	0.735	0.014	0.002	0.234
happy	0.027	0.000	0.002	0.694	0.026	0.002	0.249
happy	0.012	0.000	0.002	0.708	0.012	0.003	0.263
happy	0.029	0.000	0.002	0.512	0.012	0.004	0.442
happy	0.013	0.000	0.001	0.788	0.013	0.004	0.181
happy	0.017	0.000	0.002	0.743	0.010	0.006	0.221
happy	0.028	0.000	0.003	0.708	0.012	0.009	0.239
happy	0.049	0.000	0.005	0.522	0.021	0.012	0.391
happy	0.016	0.000	0.002	0.687	0.008	0.005	0.282
happy	0.039	0.000	0.003	0.660	0.013	0.009	0.277
happy	0.013	0.000	0.001	0.820	0.008	0.005	0.153
happy	0.013	0.000	0.002	0.678	0.011	0.004	0.292
happy	0.027	0.000	0.003	0.585	0.017	0.007	0.359
happy	0.009	0.000	0.001	0.752	0.012	0.003	0.222
happy	0.010	0.000	0.002	0.659	0.010	0.004	0.316
happy	0.014	0.000	0.003	0.576	0.014	0.007	0.387
happy	0.010	0.000	0.004	0.631	0.014	0.005	0.337
happy	0.009	0.000	0.002	0.565	0.019	0.004	0.401
happy	0.009	0.000	0.002	0.564	0.015	0.004	0.406
happy	0.009	0.000	0.002	0.591	0.016	0.004	0.378
happy	0.008	0.000	0.002	0.543	0.014	0.004	0.429
happy	0.012	0.000	0.002	0.618	0.017	0.003	0.347
happy	0.012	0.000	0.002	0.540	0.016	0.002	0.428
happy	0.010	0.000	0.001	0.588	0.010	0.002	0.389
happy	0.059	0.000	0.002	0.556	0.010	0.007	0.367
happy	0.070	0.000	0.003	0.541	0.010	0.009	0.367
happy	0.054	0.000	0.003	0.471	0.010	0.007	0.456
happy	0.031	0.000	0.002	0.533	0.009	0.004	0.421
happy	0.019	0.000	0.002	0.561	0.016	0.002	0.400
happy	0.012	0.000	0.002	0.729	0.011	0.002	0.245
happy	0.013	0.000	0.001	0.639	0.014	0.002	0.330
happy	0.012	0.000	0.002	0.485	0.021	0.002	0.478
neutral	0.015	0.000	0.002	0.444	0.024	0.002	0.512
happy	0.018	0.000	0.002	0.535	0.021	0.003	0.421
happy	0.010	0.000	0.001	0.568	0.010	0.002	0.409
happy	0.020	0.000	0.003	0.525	0.019	0.003	0.430
happy	0.013	0.000	0.002	0.509	0.014	0.002	0.460
happy	0.022	0.000	0.002	0.530	0.027	0.003	0.416
happy	0.015	0.000	0.002	0.512	0.020	0.002	0.450
neutral	0.016	0.000	0.003	0.402	0.018	0.003	0.557
neutral	0.021	0.000	0.002	0.435	0.022	0.002	0.518
happy	0.013	0.000	0.002	0.610	0.021	0.001	0.352
neutral	0.020	0.000	0.003	0.437	0.024	0.003	0.514
happy	0.012	0.000	0.002	0.496	0.014	0.002	0.474
happy	0.010	0.000	0.002	0.602	0.013	0.002	0.371
happy	0.023	0.000	0.002	0.551	0.012	0.003	0.408
neutral	0.031	0.000	0.002	0.451	0.009	0.006	0.500
happy	0.041	0.000	0.004	0.596	0.009	0.007	0.344
happy	0.014	0.000	0.002	0.724	0.015	0.002	0.243
happy	0.055	0.000	0.003	0.493	0.015	0.002	0.432
happy	0.045	0.000	0.002	0.526	0.007	0.006	0.413
neutral	0.056	0.000	0.002	0.458	0.007	0.008	0.470
happy	0.071	0.000	0.003	0.523	0.006	0.007	0.389
happy	0.044	0.000	0.002	0.490	0.005	0.006	0.452
neutral	0.104	0.000	0.006	0.393	0.013	0.009	0.476
happy	0.080	0.000	0.006	0.462	0.011	0.006	0.435
neutral	0.063	0.000	0.003	0.423	0.007	0.008	0.495
neutral	0.055	0.000	0.003	0.385	0.009	0.006	0.542
neutral	0.142	0.000	0.004	0.357	0.008	0.009	0.481
