prediction	angry	disgust	fear	happy	sad	surprise	neutral
neutral	0.026	0.003	0.004	0.013	0.057	0.000	0.897
neutral	0.022	0.000	0.007	0.022	0.047	0.001	0.901
neutral	0.028	0.000	0.007	0.022	0.048	0.001	0.894
neutral	0.011	0.000	0.003	0.004	0.043	0.000	0.939
neutral	0.027	0.000	0.004	0.005	0.074	0.000	0.889
neutral	0.010	0.000	0.001	0.006	0.015	0.000	0.968
neutral	0.013	0.000	0.001	0.009	0.017	0.001	0.959
neutral	0.042	0.000	0.003	0.017	0.034	0.000	0.904
neutral	0.112	0.000	0.006	0.043	0.041	0.000	0.798
neutral	0.096	0.000	0.006	0.081	0.029	0.000	0.788
neutral	0.097	0.000	0.008	0.110	0.032	0.001	0.751
neutral	0.093	0.000	0.005	0.074	0.031	0.001	0.795
neutral	0.186	0.000	0.017	0.059	0.107	0.005	0.627
neutral	0.115	0.000	0.008	0.047	0.067	0.000	0.763
neutral	0.048	0.000	0.008	0.008	0.102	0.000	0.833
neutral	0.051	0.000	0.009	0.011	0.133	0.000	0.796
neutral	0.024	0.000	0.007	0.016	0.063	0.000	0.889
neutral	0.049	0.000	0.004	0.073	0.050	0.000	0.823
neutral	0.042	0.000	0.007	0.091	0.047	0.001	0.813
neutral	0.044	0.000	0.005	0.041	0.031	0.001	0.878
neutral	0.041	0.000	0.010	0.077	0.078	0.001	0.794
neutral	0.034	0.000	0.003	0.032	0.035	0.001	0.895
neutral	0.030	0.000	0.006	0.074	0.057	0.000	0.832
neutral	0.022	0.000	0.004	0.006	0.084	0.000	0.884
neutral	0.023	0.000	0.005	0.009	0.069	0.000	0.893
neutral	0.037	0.000	0.015	0.025	0.114	0.001	0.807
neutral	0.054	0.000	0.011	0.007	0.103	0.001	0.825
neutral	0.039	0.000	0.007	0.004	0.066	0.000	0.883
neutral	0.032	0.000	0.005	0.010	0.061	0.000	0.892
neutral	0.036	0.000	0.003	0.008	0.042	0.001	0.910
neutral	0.032	0.000	0.003	0.014	0.039	0.001	0.911
neutral	0.035	0.000	0.003	0.018	0.033	0.000	0.911
neutral	0.025	0.000	0.003	0.014	0.027	0.001	0.930
neutral	0.017	0.000	0.002	0.036	0.020	0.000	0.925
neutral	0.017	0.000	0.002	0.019	0.028	0.000	0.934
neutral	0.020	0.000	0.001	0.016	0.019	0.000	0.943
neutral	0.033	0.000	0.002	0.013	0.034	0.000	0.918
neutral	0.023	0.000	0.002	0.012	0.033	0.000	0.930
neutral	0.021	0.000	0.002	0.027	0.036	0.000	0.913
neutral	0.013	0.000	0.002	0.017	0.031	0.000	0.936
neutral	0.023	0.000	0.003	0.015	0.033	0.000	0.925
neutral	0.025	0.000	0.002	0.017	0.030	0.001	0.925
neutral	0.013	0.000	0.002	0.026	0.021	0.000	0.938
neutral	0.021	0.000	0.004	0.023	0.036	0.000	0.916
neutral	0.023	0.000	0.001	0.019	0.028	0.000	0.928
neutral	0.026	0.000	0.003	0.025	0.026	0.001	0.919
neutral	0.029	0.000	0.004	0.018	0.039	0.000	0.909
neutral	0.051	0.000	0.003	0.012	0.052	0.000	0.881
neutral	0.029	0.000	0.002	0.017	0.040	0.001	0.911
neutral	0.029	0.000	0.002	0.009	0.041	0.000	0.920
neutral	0.032	0.000	0.005	0.012	0.035	0.000	0.916
neutral	0.042	0.000	0.005	0.006	0.086	0.000	0.861
neutral	0.039	0.000	0.005	0.010	0.089	0.000	0.855
neutral	0.024	0.000	0.003	0.012	0.049	0.000	0.912
neutral	0.016	0.000	0.002	0.017	0.039	0.000	0.926
neutral	0.014	0.000	0.002	0.030	0.026	0.001	0.927
neutral	0.032	0.000	0.004	0.019	0.059	0.001	0.885
neutral	0.029	0.000	0.003	0.049	0.044	0.002	0.873
neutral	0.018	0.000	0.002	0.018	0.034	0.001	0.928
neutral	0.010	0.000	0.002	0.016	0.027	0.000	0.945
neutral	0.009	0.000	0.002	0.019	0.026	0.000	0.944
neutral	0.012	0.000	0.003	0.014	0.023	0.001	0.947
neutral	0.012	0.000	0.004	0.008	0.032	0.000	0.944
neutral	0.014	0.000	0.003	0.007	0.045	0.000	0.931
neutral	0.057	0.000	0.011	0.011	0.118	0.000	0.803
neutral	0.062	0.001	0.007	0.011	0.101	0.000	0.817
neutral	0.026	0.000	0.007	0.013	0.069	0.001	0.884
neutral	0.027	0.000	0.006	0.014	0.060	0.000	0.893
neutral	0.013	0.000	0.003	0.007	0.045	0.000	0.932
neutral	0.029	0.001	0.008	0.018	0.087	0.000	0.858
neutral	0.027	0.001	0.006	0.015	0.073	0.000	0.878
neutral	0.040	0.001	0.007	0.017	0.097	0.000	0.838
neutral	0.018	0.000	0.006	0.019	0.065	0.000	0.892
neutral	0.033	0.000	0.003	0.008	0.033	0.001	0.922
neutral	0.029	0.000	0.003	0.006	0.042	0.000	0.920
neutral	0.024	0.000	0.002	0.009	0.040	0.000	0.925
neutral	0.042	0.000	0.002	0.023	0.032	0.001	0.900
neutral	0.031	0.000	0.002	0.009	0.027	0.001	0.930
neutral	0.026	0.000	0.002	0.009	0.026	0.001	0.936
neutral	0.022	0.000	0.002	0.007	0.025	0.000	0.942
neutral	0.021	0.000	0.002	0.006	0.031	0.000	0.940
neutral	0.017	0.000	0.002	0.018	0.024	0.000	0.938
neutral	0.066	0.000	0.003	0.025	0.051	0.000	0.854
neutral	0.031	0.000	0.002	0.017	0.044	0.000	0.905
neutral	0.017	0.000	0.004	0.043	0.051	0.000	0.884
neutral	0.013	0.000	0.003	0.017	0.040	0.000	0.927
neutral	0.016	0.000	0.005	0.031	0.051	0.000	0.896
neutral	0.013	0.000	0.003	0.014	0.031	0.000	0.938
neutral	0.009	0.000	0.001	0.015	0.013	0.000	0.961
neutral	0.030	0.000	0.002	0.063	0.032	0.000	0.872
neutral	0.014	0.000	0.001	0.019	0.010	0.000	0.956
neutral	0.019	0.000	0.001	0.027	0.014	0.000	0.938
neutral	0.020	0.000	0.002	0.021	0.017	0.000	0.940
neutral	0.014	0.000	0.001	0.065	0.014	0.000	0.905
neutral	0.016	0.000	0.001	0.066	0.016	0.000	0.901
neutral	0.019	0.000	0.001	0.035	0.017	0.000	0.928
neutral	0.015	0.000	0.001	0.061	0.014	0.000	0.909
neutral	0.016	0.000	0.001	0.067	0.016	0.000	0.899
neutral	0.014	0.000	0.001	0.042	0.011	0.000	0.932
neutral	0.018	0.000	0.002	0.040	0.018	0.000	0.923
neutral	0.015	0.000	0.004	0.049	0.033	0.000	0.898
neutral	0.015	0.000	0.004	0.039	0.040	0.000	0.902
neutral	0.018	0.000	0.003	0.065	0.030	0.000	0.883
neutral	0.010	0.000	0.003	0.111	0.031	0.000	0.843
neutral	0.014	0.000	0.004	0.125	0.037	0.001	0.819
neutral	0.027	0.000	0.005	0.035	0.043	0.000	0.890
neutral	0.008	0.000	0.001	0.035	0.008	0.001	0.947
neutral	0.017	0.000	0.002	0.031	0.024	0.000	0.926
neutral	0.040	0.000	0.009	0.057	0.132	0.000	0.760
neutral	0.016	0.000	0.005	0.056	0.070	0.000	0.854
neutral	0.014	0.000	0.005	0.024	0.056	0.000	0.901
neutral	0.016	0.000	0.005	0.048	0.066	0.000	0.865
neutral	0.014	0.000	0.004	0.026	0.043	0.000	0.912
neutral	0.010	0.000	0.002	0.082	0.022	0.001	0.884
neutral	0.014	0.000	0.005	0.053	0.057	0.000	0.870
neutral	0.018	0.000	0.005	0.018	0.050	0.000	0.909
neutral	0.019	0.000	0.004	0.020	0.045	0.000	0.911
neutral	0.012	0.000	0.007	0.061	0.045	0.000	0.875
neutral	0.020	0.000	0.006	0.048	0.059	0.000	0.867
neutral	0.017	0.000	0.004	0.074	0.042	0.001	0.862
neutral	0.014	0.000	0.006	0.038	0.042	0.001	0.900
neutral	0.014	0.000	0.005	0.085	0.038	0.001	0.857
neutral	0.009	0.000	0.003	0.142	0.025	0.001	0.819
neutral	0.017	0.000	0.006	0.034	0.062	0.000	0.881
neutral	0.012	0.000	0.005	0.071	0.041	0.000	0.871
neutral	0.009	0.000	0.007	0.027	0.056	0.000	0.901
neutral	0.013	0.000	0.004	0.071	0.048	0.000	0.863
neutral	0.016	0.000	0.002	0.019	0.024	0.000	0.939
neutral	0.030	0.000	0.002	0.032	0.017	0.000	0.919
neutral	0.023	0.000	0.001	0.029	0.023	0.000	0.922
neutral	0.014	0.000	0.001	0.037	0.016	0.000	0.931
neutral	0.015	0.000	0.003	0.030	0.028	0.000	0.923
neutral	0.015	0.000	0.006	0.041	0.048	0.000	0.890
neutral	0.012	0.000	0.006	0.031	0.043	0.001	0.908
neutral	0.007	0.000	0.004	0.052	0.018	0.001	0.919
neutral	0.013	0.000	0.001	0.045	0.013	0.000	0.928
neutral	0.018	0.000	0.002	0.108	0.017	0.001	0.854
neutral	0.012	0.000	0.002	0.092	0.017	0.001	0.876
neutral	0.022	0.000	0.001	0.052	0.012	0.000	0.912
neutral	0.027	0.000	0.002	0.049	0.020	0.000	0.902
neutral	0.013	0.000	0.002	0.075	0.013	0.001	0.896
neutral	0.020	0.000	0.001	0.076	0.012	0.000	0.890
neutral	0.031	0.000	0.003	0.096	0.022	0.001	0.848
neutral	0.010	0.000	0.002	0.051	0.013	0.001	0.923
neutral	0.009	0.000	0.004	0.105	0.026	0.001	0.854
neutral	0.011	0.001	0.004	0.173	0.038	0.001	0.773
neutral	0.016	0.000	0.005	0.169	0.034	0.001	0.774
neutral	0.010	0.000	0.006	0.065	0.034	0.001	0.884
neutral	0.015	0.000	0.004	0.104	0.036	0.000	0.840
neutral	0.021	0.000	0.002	0.046	0.020	0.000	0.911
neutral	0.017	0.000	0.002	0.134	0.022	0.000	0.826
neutral	0.036	0.000	0.002	0.058	0.018	0.001	0.885
neutral	0.023	0.000	0.002	0.087	0.016	0.000	0.871
neutral	0.026	0.000	0.003	0.081	0.021	0.000	0.869
neutral	0.028	0.000	0.002	0.112	0.021	0.000	0.836
neutral	0.026	0.000	0.002	0.125	0.017	0.001	0.830
neutral	0.032	0.000	0.002	0.122	0.013	0.000	0.831
neutral	0.020	0.000	0.001	0.154	0.013	0.001	0.811
neutral	0.020	0.000	0.002	0.122	0.013	0.001	0.843
neutral	0.024	0.000	0.001	0.113	0.012	0.001	0.849
neutral	0.034	0.000	0.002	0.220	0.015	0.001	0.727
neutral	0.024	0.000	0.002	0.105	0.014	0.001	0.854
neutral	0.032	0.000	0.002	0.115	0.016	0.001	0.834
neutral	0.037	0.000	0.003	0.122	0.016	0.002	0.820
neutral	0.027	0.000	0.002	0.058	0.012	0.001	0.901
neutral	0.021	0.000	0.001	0.059	0.012	0.000	0.906
neutral	0.020	0.000	0.001	0.051	0.012	0.001	0.915
neutral	0.014	0.000	0.003	0.073	0.023	0.001	0.886
neutral	0.009	0.000	0.003	0.082	0.027	0.002	0.878
neutral	0.011	0.000	0.003	0.065	0.030	0.001	0.890
neutral	0.011	0.000	0.002	0.027	0.019	0.000	0.940
neutral	0.010	0.000	0.002	0.028	0.017	0.000	0.943
neutral	0.024	0.000	0.003	0.055	0.028	0.001	0.888
neutral	0.019	0.000	0.003	0.052	0.018	0.001	0.906
neutral	0.023	0.000	0.002	0.029	0.012	0.001	0.934
neutral	0.018	0.000	0.002	0.056	0.019	0.001	0.904
neutral	0.032	0.000	0.003	0.042	0.024	0.001	0.898
neutral	0.024	0.000	0.002	0.062	0.012	0.001	0.899
neutral	0.015	0.000	0.002	0.107	0.012	0.001	0.863
neutral	0.027	0.000	0.002	0.032	0.016	0.001	0.922
neutral	0.044	0.001	0.003	0.047	0.021	0.001	0.883
neutral	0.023	0.000	0.003	0.071	0.017	0.001	0.884
neutral	0.023	0.000	0.002	0.042	0.013	0.001	0.918
neutral	0.017	0.000	0.002	0.071	0.017	0.001	0.892
neutral	0.018	0.000	0.001	0.044	0.011	0.001	0.925
neutral	0.027	0.000	0.002	0.061	0.012	0.001	0.896
neutral	0.021	0.000	0.002	0.041	0.013	0.001	0.922
neutral	0.021	0.000	0.002	0.038	0.015	0.001	0.922
neutral	0.019	0.000	0.002	0.042	0.014	0.001	0.921
neutral	0.011	0.000	0.002	0.087	0.013	0.001	0.886
neutral	0.029	0.001	0.002	0.046	0.017	0.001	0.905
neutral	0.016	0.000	0.002	0.036	0.013	0.001	0.932
neutral	0.020	0.000	0.002	0.031	0.019	0.001	0.927
neutral	0.012	0.000	0.003	0.049	0.017	0.001	0.917
neutral	0.019	0.000	0.002	0.069	0.014	0.001	0.894
neutral	0.017	0.000	0.002	0.057	0.012	0.001	0.911
neutral	0.013	0.000	0.003	0.027	0.022	0.000	0.935
neutral	0.008	0.000	0.003	0.022	0.023	0.000	0.944
neutral	0.013	0.000	0.003	0.022	0.020	0.000	0.942
neutral	0.015	0.001	0.003	0.040	0.033	0.000	0.908
neutral	0.011	0.000	0.003	0.021	0.024	0.000	0.941
neutral	0.011	0.000	0.002	0.019	0.019	0.000	0.948
neutral	0.030	0.000	0.004	0.037	0.026	0.001	0.902
neutral	0.022	0.000	0.002	0.058	0.020	0.001	0.898
neutral	0.027	0.000	0.003	0.053	0.017	0.001	0.900
neutral	0.023	0.000	0.002	0.045	0.020	0.001	0.909
neutral	0.021	0.000	0.003	0.046	0.019	0.001	0.909
neutral	0.024	0.000	0.002	0.050	0.021	0.001	0.902
neutral	0.021	0.000	0.003	0.050	0.020	0.001	0.906
neutral	0.021	0.000	0.002	0.090	0.014	0.001	0.871
neutral	0.017	0.000	0.002	0.138	0.013	0.001	0.829
neutral	0.012	0.000	0.002	0.165	0.010	0.002	0.809
neutral	0.013	0.000	0.001	0.131	0.009	0.001	0.845
neutral	0.014	0.000	0.002	0.150	0.006	0.004	0.824
neutral	0.015	0.000	0.001	0.105	0.008	0.001	0.869
neutral	0.013	0.000	0.002	0.166	0.010	0.002	0.807
neutral	0.012	0.000	0.002	0.176	0.010	0.002	0.797
neutral	0.013	0.001	0.003	0.116	0.019	0.001	0.848
neutral	0.008	0.000	0.003	0.403	0.016	0.001	0.570
happy	0.007	0.000	0.002	0.584	0.014	0.001	0.393
happy	0.006	0.000	0.003	0.504	0.010	0.003	0.475
happy	0.007	0.000	0.002	0.545	0.013	0.001	0.430
happy	0.002	0.000	0.001	0.728	0.005	0.001	0.263
happy	0.004	0.000	0.001	0.676	0.009	0.001	0.308
neutral	0.008	0.000	0.001	0.471	0.006	0.001	0.514
happy	0.002	0.000	0.000	0.651	0.002	0.001	0.343
happy	0.003	0.000	0.000	0.754	0.002	0.000	0.241
happy	0.002	0.000	0.000	0.796	0.003	0.000	0.199
happy	0.002	0.000	0.000	0.817	0.002	0.001	0.178
happy	0.005	0.000	0.001	0.572	0.010	0.001	0.410
happy	0.004	0.000	0.001	0.643	0.006	0.001	0.345
happy	0.003	0.000	0.001	0.750	0.004	0.000	0.243
happy	0.006	0.000	0.001	0.521	0.005	0.001	0.466
happy	0.003	0.000	0.001	0.614	0.003	0.001	0.379
happy	0.003	0.000	0.000	0.711	0.002	0.001	0.284
happy	0.002	0.000	0.000	0.853	0.002	0.000	0.143
happy	0.002	0.000	0.000	0.917	0.001	0.000	0.080
happy	0.001	0.000	0.000	0.828	0.001	0.001	0.168
happy	0.001	0.000	0.000	0.954	0.001	0.000	0.044
happy	0.001	0.000	0.000	0.953	0.001	0.000	0.045
happy	0.002	0.000	0.000	0.868	0.002	0.001	0.128
happy	0.002	0.000	0.001	0.832	0.003	0.001	0.161
happy	0.003	0.000	0.001	0.729	0.006	0.000	0.261
sad	0.064	0.002	0.255	0.119	0.495	0.002	0.063
neutral	0.013	0.000	0.001	0.463	0.017	0.000	0.506
neutral	0.047	0.000	0.002	0.072	0.065	0.000	0.814
neutral	0.036	0.000	0.001	0.245	0.035	0.000	0.684
neutral	0.062	0.000	0.001	0.203	0.038	0.000	0.695
neutral	0.044	0.000	0.001	0.211	0.023	0.000	0.720
neutral	0.037	0.000	0.001	0.170	0.020	0.000	0.771
neutral	0.019	0.000	0.000	0.298	0.007	0.000	0.675
neutral	0.021	0.000	0.001	0.234	0.007	0.000	0.737
neutral	0.035	0.000	0.001	0.243	0.016	0.000	0.705
neutral	0.017	0.000	0.000	0.251	0.006	0.000	0.725
neutral	0.032	0.001	0.001	0.210	0.012	0.000	0.744
neutral	0.016	0.000	0.000	0.245	0.008	0.000	0.730
neutral	0.018	0.000	0.001	0.268	0.016	0.001	0.697
neutral	0.025	0.000	0.001	0.317	0.009	0.000	0.647
happy	0.023	0.001	0.001	0.495	0.008	0.000	0.473
neutral	0.012	0.001	0.002	0.171	0.024	0.000	0.791
neutral	0.007	0.000	0.001	0.120	0.014	0.000	0.857
neutral	0.013	0.000	0.001	0.121	0.029	0.000	0.835
neutral	0.019	0.001	0.001	0.148	0.027	0.000	0.804
neutral	0.010	0.000	0.001	0.308	0.017	0.000	0.663
neutral	0.009	0.000	0.001	0.300	0.019	0.000	0.670
happy	0.008	0.000	0.001	0.542	0.012	0.001	0.436
neutral	0.014	0.001	0.002	0.336	0.018	0.000	0.630
neutral	0.007	0.000	0.000	0.476	0.003	0.001	0.514
happy	0.014	0.000	0.000	0.515	0.004	0.001	0.465
happy	0.013	0.000	0.000	0.672	0.002	0.001	0.311
neutral	0.008	0.000	0.000	0.478	0.003	0.001	0.509
neutral	0.011	0.000	0.001	0.478	0.007	0.000	0.503
happy	0.007	0.000	0.001	0.691	0.007	0.000	0.293
happy	0.015	0.000	0.001	0.583	0.008	0.000	0.392
neutral	0.013	0.000	0.003	0.139	0.027	0.000	0.817
neutral	0.025	0.000	0.002	0.134	0.032	0.000	0.807
neutral	0.025	0.001	0.002	0.238	0.020	0.000	0.714
neutral	0.021	0.001	0.003	0.276	0.033	0.001	0.666
neutral	0.015	0.000	0.002	0.263	0.026	0.001	0.694
neutral	0.018	0.001	0.003	0.381	0.027	0.001	0.570
neutral	0.009	0.000	0.002	0.357	0.015	0.001	0.615
neutral	0.008	0.000	0.002	0.397	0.013	0.001	0.579
neutral	0.006	0.000	0.002	0.466	0.011	0.002	0.513
neutral	0.017	0.000	0.001	0.351	0.006	0.001	0.624
neutral	0.010	0.000	0.001	0.486	0.003	0.002	0.499
neutral	0.022	0.000	0.001	0.446	0.005	0.001	0.525
neutral	0.007	0.000	0.001	0.347	0.005	0.000	0.640
neutral	0.009	0.000	0.001	0.164	0.009	0.000	0.817
neutral	0.003	0.000	0.001	0.414	0.003	0.001	0.579
neutral	0.005	0.000	0.001	0.242	0.013	0.000	0.739
neutral	0.004	0.000	0.001	0.209	0.014	0.000	0.771
neutral	0.006	0.000	0.002	0.242	0.021	0.000	0.730
neutral	0.005	0.000	0.002	0.223	0.022	0.000	0.747
neutral	0.012	0.000	0.002	0.353	0.022	0.001	0.609
neutral	0.012	0.000	0.003	0.230	0.021	0.001	0.733
neutral	0.011	0.000	0.002	0.193	0.025	0.001	0.768
neutral	0.018	0.000	0.005	0.116	0.036	0.000	0.826
neutral	0.018	0.000	0.001	0.105	0.013	0.000	0.863
neutral	0.042	0.000	0.002	0.132	0.020	0.000	0.803
neutral	0.017	0.000	0.001	0.145	0.008	0.000	0.829
neutral	0.020	0.000	0.001	0.163	0.009	0.000	0.807
neutral	0.026	0.000	0.001	0.119	0.021	0.000	0.832
neutral	0.032	0.000	0.001	0.127	0.017	0.000	0.821
neutral	0.017	0.000	0.001	0.153	0.012	0.001	0.816
neutral	0.020	0.000	0.001	0.142	0.014	0.000	0.823
neutral	0.066	0.000	0.002	0.094	0.023	0.000	0.814
neutral	0.015	0.000	0.001	0.232	0.010	0.001	0.741
neutral	0.020	0.000	0.003	0.089	0.037	0.001	0.850
neutral	0.017	0.000	0.003	0.113	0.036	0.001	0.831
neutral	0.016	0.000	0.002	0.369	0.016	0.001	0.596
neutral	0.035	0.000	0.004	0.054	0.064	0.000	0.842
neutral	0.016	0.000	0.002	0.087	0.027	0.001	0.867
neutral	0.030	0.000	0.002	0.073	0.023	0.000	0.871
neutral	0.033	0.000	0.003	0.083	0.022	0.001	0.859
neutral	0.059	0.000	0.002	0.099	0.028	0.001	0.811
neutral	0.009	0.000	0.001	0.151	0.027	0.000	0.812
neutral	0.019	0.000	0.003	0.096	0.031	0.001	0.850
neutral	0.019	0.000	0.002	0.050	0.019	0.000	0.909
neutral	0.019	0.000	0.004	0.045	0.042	0.001	0.890
neutral	0.020	0.000	0.004	0.254	0.027	0.001	0.694
neutral	0.014	0.000	0.003	0.153	0.026	0.001	0.803
neutral	0.014	0.000	0.003	0.128	0.031	0.001	0.823
neutral	0.014	0.000	0.003	0.178	0.029	0.001	0.775
neutral	0.014	0.000	0.003	0.110	0.037	0.001	0.835
neutral	0.022	0.000	0.001	0.117	0.018	0.001	0.841
neutral	0.048	0.000	0.003	0.057	0.029	0.000	0.862
neutral	0.025	0.000	0.001	0.167	0.022	0.001	0.784
neutral	0.019	0.000	0.003	0.065	0.039	0.001	0.873
neutral	0.019	0.000	0.003	0.271	0.029	0.001	0.677
neutral	0.025	0.000	0.004	0.082	0.049	0.001	0.839
neutral	0.012	0.000	0.001	0.115	0.011	0.000	0.861
neutral	0.038	0.000	0.001	0.057	0.022	0.000	0.881
neutral	0.021	0.000	0.001	0.098	0.020	0.000	0.859
neutral	0.027	0.000	0.001	0.129	0.016	0.001	0.827
sad	0.115	0.002	0.181	0.150	0.497	0.001	0.055
neutral	0.028	0.000	0.001	0.262	0.016	0.001	0.692
neutral	0.025	0.000	0.001	0.150	0.021	0.000	0.802
neutral	0.023	0.000	0.001	0.107	0.012	0.000	0.857
neutral	0.031	0.000	0.001	0.196	0.015	0.000	0.755
neutral	0.018	0.000	0.001	0.101	0.011	0.000	0.868
neutral	0.016	0.000	0.001	0.143	0.014	0.001	0.826
neutral	0.008	0.000	0.001	0.309	0.017	0.000	0.665
neutral	0.021	0.000	0.004	0.215	0.034	0.001	0.725
neutral	0.010	0.000	0.002	0.153	0.016	0.000	0.818
neutral	0.018	0.000	0.001	0.145	0.021	0.000	0.815
neutral	0.027	0.000	0.001	0.256	0.021	0.001	0.694
neutral	0.028	0.000	0.002	0.249	0.023	0.001	0.698
neutral	0.017	0.000	0.001	0.282	0.016	0.000	0.683
neutral	0.014	0.000	0.001	0.227	0.020	0.000	0.737
neutral	0.014	0.000	0.001	0.247	0.014	0.000	0.723
neutral	0.015	0.000	0.001	0.290	0.015	0.000	0.678
neutral	0.010	0.000	0.001	0.226	0.008	0.000	0.755
neutral	0.010	0.000	0.000	0.307	0.006	0.000	0.676
neutral	0.017	0.000	0.001	0.280	0.009	0.000	0.693
neutral	0.016	0.000	0.001	0.360	0.010	0.000	0.612
neutral	0.012	0.000	0.001	0.384	0.007	0.000	0.595
happy	0.011	0.000	0.000	0.517	0.003	0.001	0.468
happy	0.011	0.000	0.001	0.539	0.007	0.001	0.443
happy	0.004	0.000	0.000	0.552	0.005	0.000	0.438
neutral	0.009	0.000	0.002	0.398	0.019	0.001	0.571
neutral	0.015	0.000	0.002	0.393	0.023	0.001	0.567
happy	0.007	0.000	0.001	0.606	0.015	0.000	0.371
happy	0.006	0.000	0.001	0.699	0.009	0.000	0.285
happy	0.007	0.000	0.000	0.729	0.004	0.000	0.258
happy	0.008	0.000	0.000	0.723	0.004	0.000	0.264
happy	0.004	0.000	0.000	0.723	0.003	0.000	0.269
happy	0.005	0.000	0.000	0.710	0.003	0.000	0.282
happy	0.008	0.000	0.000	0.806	0.001	0.000	0.184
happy	0.004	0.000	0.000	0.797	0.003	0.000	0.197
happy	0.006	0.000	0.001	0.792	0.007	0.000	0.194
happy	0.003	0.000	0.000	0.741	0.003	0.000	0.252
happy	0.003	0.000	0.000	0.819	0.005	0.000	0.173
happy	0.004	0.000	0.001	0.709	0.008	0.001	0.278
happy	0.008	0.000	0.002	0.613	0.018	0.001	0.358
happy	0.004	0.000	0.000	0.770	0.006	0.000	0.220
happy	0.007	0.000	0.001	0.609	0.012	0.000	0.372
happy	0.004	0.000	0.000	0.775	0.004	0.000	0.216
happy	0.004	0.000	0.000	0.597	0.003	0.000	0.395
happy	0.005	0.000	0.000	0.633	0.003	0.000	0.359
happy	0.005	0.000	0.000	0.609	0.004	0.000	0.382
neutral	0.006	0.000	0.001	0.461	0.010	0.000	0.521
happy	0.004	0.000	0.000	0.683	0.004	0.001	0.308
happy	0.003	0.000	0.000	0.754	0.002	0.001	0.239
neutral	0.010	0.000	0.001	0.483	0.008	0.001	0.499
happy	0.006	0.000	0.001	0.661	0.004	0.001	0.327
happy	0.007	0.000	0.000	0.498	0.004	0.000	0.491
happy	0.006	0.000	0.000	0.679	0.002	0.000	0.312
happy	0.007	0.000	0.000	0.731	0.002	0.000	0.259
happy	0.002	0.000	0.000	0.924	0.000	0.000	0.073
happy	0.003	0.000	0.000	0.878	0.001	0.000	0.119
happy	0.002	0.000	0.000	0.938	0.000	0.000	0.060
happy	0.002	0.000	0.000	0.924	0.001	0.000	0.073
happy	0.001	0.000	0.000	0.957	0.001	0.000	0.040
happy	0.001	0.000	0.000	0.891	0.001	0.000	0.107
happy	0.002	0.000	0.000	0.896	0.001	0.000	0.100
happy	0.001	0.000	0.000	0.905	0.001	0.001	0.092
happy	0.001	0.000	0.000	0.904	0.001	0.000	0.094
happy	0.001	0.000	0.000	0.920	0.000	0.000	0.078
happy	0.003	0.000	0.000	0.866	0.001	0.000	0.130
happy	0.003	0.000	0.000	0.864	0.001	0.000	0.131
happy	0.003	0.000	0.000	0.847	0.001	0.001	0.149
happy	0.002	0.000	0.000	0.877	0.001	0.000	0.120
happy	0.001	0.000	0.000	0.928	0.000	0.000	0.070
happy	0.002	0.000	0.000	0.871	0.001	0.001	0.126
happy	0.001	0.000	0.000	0.799	0.002	0.000	0.197
happy	0.002	0.000	0.000	0.770	0.002	0.001	0.225
happy	0.003	0.000	0.000	0.639	0.002	0.001	0.354
happy	0.003	0.000	0.000	0.650	0.002	0.001	0.344
happy	0.009	0.000	0.001	0.655	0.005	0.001	0.330
neutral	0.014	0.000	0.001	0.253	0.011	0.001	0.719
neutral	0.010	0.000	0.001	0.283	0.007	0.001	0.698
neutral	0.010	0.000	0.001	0.332	0.006	0.001	0.651
happy	0.009	0.000	0.000	0.626	0.003	0.001	0.360
neutral	0.010	0.000	0.000	0.343	0.004	0.001	0.642
neutral	0.028	0.000	0.001	0.141	0.014	0.001	0.815
neutral	0.006	0.000	0.001	0.335	0.006	0.000	0.652
neutral	0.008	0.000	0.000	0.375	0.005	0.000	0.612
neutral	0.012	0.000	0.001	0.336	0.008	0.001	0.643
neutral	0.013	0.000	0.001	0.322	0.007	0.001	0.656
neutral	0.013	0.000	0.001	0.171	0.009	0.000	0.806
neutral	0.010	0.000	0.001	0.276	0.014	0.000	0.698
happy	0.006	0.000	0.001	0.548	0.006	0.001	0.439
neutral	0.020	0.000	0.002	0.257	0.023	0.000	0.698
neutral	0.005	0.000	0.001	0.475	0.010	0.001	0.507
happy	0.007	0.000	0.002	0.505	0.012	0.002	0.472
neutral	0.006	0.000	0.002	0.325	0.013	0.001	0.654
neutral	0.011	0.000	0.001	0.374	0.010	0.001	0.603
neutral	0.020	0.000	0.001	0.134	0.013	0.001	0.831
neutral	0.056	0.000	0.001	0.169	0.014	0.001	0.759
neutral	0.019	0.000	0.001	0.117	0.011	0.001	0.852
neutral	0.018	0.000	0.001	0.175	0.010	0.001	0.795
neutral	0.027	0.000	0.001	0.180	0.011	0.001	0.780
neutral	0.018	0.000	0.001	0.147	0.012	0.000	0.821
neutral	0.020	0.000	0.000	0.312	0.005	0.000	0.662
neutral	0.021	0.000	0.001	0.302	0.009	0.000	0.668
neutral	0.036	0.000	0.001	0.114	0.013	0.000	0.836
neutral	0.049	0.000	0.001	0.063	0.023	0.000	0.864
neutral	0.014	0.000	0.002	0.081	0.019	0.001	0.883
neutral	0.015	0.000	0.002	0.062	0.015	0.001	0.906
neutral	0.009	0.000	0.001	0.054	0.011	0.000	0.924
neutral	0.008	0.000	0.001	0.064	0.009	0.000	0.918
neutral	0.010	0.000	0.002	0.058	0.016	0.000	0.914
neutral	0.010	0.000	0.002	0.054	0.018	0.000	0.916
neutral	0.018	0.000	0.004	0.051	0.038	0.001	0.889
neutral	0.014	0.000	0.001	0.063	0.023	0.000	0.898
neutral	0.028	0.000	0.003	0.027	0.054	0.000	0.887
neutral	0.023	0.000	0.003	0.024	0.034	0.000	0.916
neutral	0.022	0.000	0.003	0.035	0.032	0.000	0.907
neutral	0.026	0.000	0.002	0.029	0.039	0.000	0.903
neutral	0.016	0.000	0.003	0.028	0.029	0.000	0.925
neutral	0.021	0.000	0.002	0.032	0.029	0.000	0.916
neutral	0.014	0.000	0.002	0.032	0.017	0.000	0.936
neutral	0.021	0.000	0.002	0.046	0.029	0.000	0.901
neutral	0.028	0.000	0.003	0.048	0.034	0.000	0.886
neutral	0.022	0.000	0.003	0.058	0.037	0.000	0.879
neutral	0.025	0.000	0.002	0.049	0.025	0.000	0.900
neutral	0.047	0.000	0.003	0.036	0.049	0.000	0.865
neutral	0.037	0.000	0.002	0.034	0.040	0.000	0.887
neutral	0.015	0.000	0.001	0.042	0.035	0.000	0.907
neutral	0.016	0.000	0.002	0.036	0.040	0.000	0.906
neutral	0.020	0.000	0.003	0.033	0.048	0.000	0.896
neutral	0.020	0.000	0.003	0.039	0.070	0.000	0.868
neutral	0.028	0.000	0.003	0.042	0.055	0.000	0.872
neutral	0.030	0.000	0.003	0.043	0.042	0.000	0.881
neutral	0.031	0.000	0.001	0.060	0.018	0.000	0.891
neutral	0.030	0.000	0.001	0.039	0.016	0.000	0.913
neutral	0.019	0.000	0.001	0.039	0.013	0.000	0.927
neutral	0.022	0.000	0.000	0.101	0.013	0.000	0.863
neutral	0.026	0.000	0.001	0.055	0.018	0.000	0.900
neutral	0.024	0.000	0.001	0.043	0.013	0.000	0.919
neutral	0.025	0.000	0.001	0.034	0.017	0.000	0.922
neutral	0.012	0.000	0.001	0.025	0.012	0.000	0.950
neutral	0.033	0.000	0.001	0.054	0.025	0.000	0.887
neutral	0.023	0.000	0.003	0.052	0.067	0.000	0.854
neutral	0.039	0.000	0.003	0.021	0.080	0.000	0.858
neutral	0.025	0.000	0.003	0.031	0.062	0.000	0.878
neutral	0.041	0.001	0.002	0.029	0.058	0.000	0.868
neutral	0.026	0.000	0.002	0.031	0.049	0.000	0.891
neutral	0.014	0.000	0.003	0.019	0.042	0.000	0.921
neutral	0.014	0.000	0.003	0.039	0.047	0.000	0.896
neutral	0.028	0.000	0.007	0.073	0.087	0.001	0.804
neutral	0.060	0.001	0.012	0.132	0.172	0.000	0.622
neutral	0.041	0.000	0.006	0.085	0.126	0.000	0.742
neutral	0.055	0.000	0.017	0.115	0.193	0.001	0.619
neutral	0.047	0.000	0.010	0.107	0.098	0.001	0.737
neutral	0.037	0.000	0.008	0.170	0.081	0.001	0.703
neutral	0.043	0.000	0.005	0.137	0.069	0.000	0.746
neutral	0.094	0.000	0.004	0.096	0.082	0.000	0.725
neutral	0.052	0.000	0.006	0.074	0.123	0.000	0.745
neutral	0.041	0.000	0.006	0.076	0.096	0.000	0.782
neutral	0.047	0.000	0.006	0.111	0.108	0.000	0.728
neutral	0.038	0.000	0.007	0.071	0.110	0.000	0.773
neutral	0.025	0.000	0.007	0.046	0.101	0.000	0.820
neutral	0.017	0.000	0.006	0.044	0.065	0.000	0.868
neutral	0.010	0.000	0.002	0.074	0.028	0.000	0.886
neutral	0.018	0.000	0.008	0.052	0.108	0.001	0.814
neutral	0.017	0.000	0.006	0.073	0.091	0.000	0.811
neutral	0.010	0.000	0.001	0.076	0.015	0.000	0.898
neutral	0.009	0.000	0.001	0.058	0.017	0.000	0.915
neutral	0.009	0.000	0.001	0.047	0.031	0.000	0.911
neutral	0.011	0.000	0.004	0.029	0.111	0.000	0.845
neutral	0.010	0.000	0.002	0.021	0.043	0.000	0.924
neutral	0.009	0.000	0.003	0.034	0.058	0.000	0.896
neutral	0.012	0.000	0.002	0.042	0.038	0.000	0.906
neutral	0.008	0.000	0.003	0.018	0.074	0.000	0.897
neutral	0.007	0.000	0.002	0.029	0.031	0.000	0.931
neutral	0.009	0.000	0.001	0.093	0.023	0.000	0.874
neutral	0.013	0.000	0.001	0.118	0.017	0.000	0.850
neutral	0.014	0.000	0.001	0.067	0.028	0.000	0.890
neutral	0.012	0.000	0.001	0.046	0.029	0.000	0.912
neutral	0.012	0.000	0.002	0.069	0.025	0.000	0.892
neutral	0.014	0.000	0.001	0.062	0.025	0.000	0.897
neutral	0.009	0.000	0.001	0.165	0.010	0.000	0.814
neutral	0.012	0.000	0.001	0.052	0.041	0.000	0.894
neutral	0.009	0.000	0.001	0.085	0.014	0.000	0.890
neutral	0.012	0.000	0.001	0.111	0.015	0.001	0.860
neutral	0.009	0.000	0.001	0.036	0.038	0.000	0.915
neutral	0.017	0.000	0.002	0.186	0.044	0.000	0.751
neutral	0.008	0.000	0.001	0.082	0.023	0.000	0.884
neutral	0.009	0.000	0.001	0.048	0.036	0.000	0.905
neutral	0.018	0.000	0.003	0.127	0.056	0.000	0.796
neutral	0.011	0.000	0.002	0.052	0.034	0.001	0.901
neutral	0.009	0.000	0.002	0.110	0.031	0.000	0.847
neutral	0.017	0.000	0.003	0.056	0.060	0.001	0.864
neutral	0.008	0.000	0.001	0.055	0.035	0.000	0.900
neutral	0.018	0.000	0.001	0.085	0.039	0.000	0.856
neutral	0.015	0.000	0.002	0.059	0.036	0.000	0.888
neutral	0.015	0.000	0.001	0.099	0.021	0.000	0.863
neutral	0.026	0.000	0.001	0.163	0.023	0.000	0.786
neutral	0.014	0.000	0.001	0.195	0.009	0.001	0.780
neutral	0.019	0.000	0.001	0.108	0.028	0.000	0.842
neutral	0.018	0.000	0.002	0.146	0.022	0.001	0.811
neutral	0.016	0.000	0.001	0.139	0.012	0.000	0.832
neutral	0.021	0.000	0.001	0.080	0.028	0.000	0.869
neutral	0.021	0.000	0.001	0.130	0.025	0.000	0.823
neutral	0.019	0.000	0.001	0.110	0.021	0.000	0.848
neutral	0.008	0.000	0.001	0.055	0.017	0.000	0.920
neutral	0.010	0.000	0.001	0.218	0.012	0.000	0.759
neutral	0.013	0.000	0.001	0.069	0.029	0.000	0.887
neutral	0.016	0.000	0.001	0.175	0.018	0.000	0.789
neutral	0.012	0.000	0.001	0.155	0.018	0.000	0.814
neutral	0.010	0.000	0.001	0.121	0.007	0.000	0.861
neutral	0.011	0.000	0.001	0.084	0.012	0.000	0.892
neutral	0.012	0.000	0.001	0.216	0.011	0.000	0.761
neutral	0.018	0.000	0.001	0.141	0.026	0.000	0.813
neutral	0.016	0.000	0.001	0.157	0.021	0.000	0.806
neutral	0.014	0.000	0.001	0.095	0.029	0.000	0.861
neutral	0.035	0.000	0.003	0.086	0.080	0.000	0.795
neutral	0.032	0.000	0.002	0.072	0.083	0.000	0.810
neutral	0.024	0.000	0.003	0.082	0.091	0.000	0.799
neutral	0.025	0.000	0.003	0.117	0.088	0.000	0.767
neutral	0.039	0.000	0.003	0.052	0.145	0.000	0.762
neutral	0.045	0.000	0.004	0.088	0.155	0.000	0.708
neutral	0.052	0.000	0.004	0.089	0.138	0.000	0.717
neutral	0.018	0.000	0.001	0.225	0.034	0.000	0.721
neutral	0.028	0.000	0.003	0.213	0.106	0.000	0.650
neutral	0.022	0.000	0.002	0.191	0.065	0.000	0.721
neutral	0.025	0.000	0.002	0.206	0.085	0.000	0.683
neutral	0.011	0.000	0.001	0.233	0.032	0.000	0.723
neutral	0.014	0.000	0.001	0.318	0.047	0.000	0.620
neutral	0.009	0.000	0.001	0.284	0.010	0.000	0.696
neutral	0.005	0.000	0.000	0.459	0.006	0.000	0.529
neutral	0.007	0.000	0.001	0.387	0.013	0.000	0.592
neutral	0.007	0.000	0.001	0.269	0.007	0.000	0.717
happy	0.006	0.000	0.000	0.521	0.005	0.000	0.468
neutral	0.007	0.000	0.001	0.442	0.010	0.000	0.540
happy	0.008	0.000	0.001	0.494	0.009	0.000	0.488
neutral	0.008	0.000	0.000	0.442	0.010	0.000	0.540
neutral	0.016	0.000	0.001	0.379	0.011	0.000	0.593
neutral	0.007	0.000	0.000	0.334	0.009	0.000	0.650
neutral	0.009	0.000	0.000	0.388	0.008	0.000	0.595
neutral	0.011	0.000	0.000	0.444	0.009	0.000	0.535
neutral	0.018	0.000	0.001	0.304	0.015	0.000	0.662
neutral	0.027	0.000	0.001	0.196	0.025	0.000	0.750
neutral	0.029	0.000	0.001	0.324	0.020	0.000	0.625
neutral	0.016	0.000	0.001	0.316	0.012	0.000	0.655
neutral	0.015	0.000	0.002	0.219	0.030	0.000	0.734
neutral	0.021	0.000	0.002	0.202	0.039	0.000	0.736
neutral	0.018	0.000	0.001	0.336	0.024	0.000	0.621
neutral	0.011	0.000	0.001	0.380	0.016	0.000	0.591
neutral	0.011	0.000	0.001	0.237	0.015	0.000	0.736
neutral	0.014	0.000	0.001	0.378	0.021	0.000	0.586
neutral	0.019	0.000	0.001	0.245	0.023	0.000	0.711
neutral	0.014	0.000	0.001	0.408	0.022	0.000	0.556
neutral	0.022	0.000	0.001	0.255	0.028	0.000	0.694
happy	0.018	0.000	0.001	0.497	0.019	0.000	0.465
neutral	0.007	0.000	0.000	0.383	0.010	0.000	0.600
neutral	0.010	0.000	0.000	0.292	0.011	0.000	0.685
neutral	0.010	0.000	0.001	0.300	0.011	0.000	0.679
neutral	0.007	0.000	0.000	0.402	0.008	0.000	0.582
neutral	0.006	0.000	0.000	0.341	0.007	0.000	0.645
neutral	0.006	0.000	0.001	0.309	0.015	0.000	0.670
happy	0.009	0.000	0.001	0.490	0.016	0.001	0.483
neutral	0.003	0.000	0.000	0.261	0.008	0.000	0.727
neutral	0.005	0.000	0.001	0.298	0.011	0.000	0.686
neutral	0.007	0.000	0.000	0.408	0.009	0.000	0.576
neutral	0.007	0.000	0.001	0.379	0.009	0.000	0.605
happy	0.005	0.000	0.001	0.499	0.007	0.001	0.489
neutral	0.006	0.000	0.000	0.424	0.006	0.000	0.563
neutral	0.005	0.000	0.000	0.243	0.006	0.000	0.745
neutral	0.005	0.000	0.000	0.395	0.006	0.000	0.593
neutral	0.005	0.000	0.000	0.440	0.006	0.000	0.549
neutral	0.005	0.000	0.000	0.333	0.007	0.000	0.655
happy	0.006	0.000	0.001	0.573	0.006	0.000	0.414
neutral	0.006	0.000	0.001	0.350	0.007	0.000	0.636
neutral	0.006	0.000	0.001	0.333	0.008	0.000	0.652
neutral	0.005	0.000	0.000	0.437	0.007	0.000	0.551
neutral	0.009	0.000	0.002	0.178	0.039	0.000	0.772
neutral	0.007	0.000	0.002	0.377	0.014	0.001	0.600
neutral	0.006	0.000	0.001	0.470	0.011	0.000	0.513
neutral	0.007	0.000	0.001	0.475	0.008	0.000	0.508
neutral	0.008	0.000	0.001	0.459	0.007	0.000	0.525
happy	0.008	0.000	0.001	0.624	0.006	0.000	0.361
neutral	0.008	0.000	0.001	0.336	0.022	0.000	0.633
neutral	0.008	0.000	0.001	0.297	0.017	0.000	0.677
neutral	0.007	0.000	0.001	0.267	0.022	0.000	0.702
neutral	0.007	0.000	0.002	0.382	0.026	0.000	0.583
neutral	0.005	0.000	0.002	0.156	0.039	0.000	0.798
neutral	0.008	0.000	0.001	0.443	0.009	0.000	0.539
neutral	0.009	0.000	0.001	0.149	0.016	0.000	0.824
neutral	0.008	0.000	0.002	0.459	0.009	0.001	0.521
neutral	0.014	0.000	0.002	0.199	0.011	0.001	0.773
neutral	0.015	0.000	0.002	0.195	0.015	0.001	0.772
neutral	0.013	0.000	0.001	0.261	0.009	0.001	0.716
neutral	0.018	0.000	0.002	0.355	0.008	0.002	0.615
neutral	0.012	0.000	0.002	0.207	0.013	0.001	0.766
neutral	0.019	0.000	0.002	0.263	0.012	0.001	0.703
happy	0.013	0.000	0.001	0.499	0.006	0.001	0.481
happy	0.007	0.000	0.001	0.527	0.007	0.000	0.458
happy	0.010	0.000	0.001	0.560	0.007	0.000	0.422
happy	0.015	0.000	0.001	0.553	0.009	0.001	0.421
neutral	0.011	0.000	0.001	0.478	0.007	0.000	0.503
neutral	0.016	0.000	0.001	0.063	0.025	0.000	0.895
neutral	0.008	0.000	0.001	0.099	0.015	0.000	0.877
neutral	0.009	0.000	0.001	0.435	0.006	0.000	0.549
neutral	0.010	0.000	0.001	0.366	0.009	0.000	0.614
happy	0.007	0.000	0.001	0.600	0.006	0.000	0.387
happy	0.009	0.000	0.001	0.639	0.007	0.000	0.345
happy	0.009	0.000	0.001	0.680	0.007	0.000	0.302
happy	0.006	0.000	0.001	0.603	0.006	0.000	0.383
happy	0.008	0.000	0.001	0.721	0.007	0.000	0.263
happy	0.011	0.000	0.001	0.654	0.011	0.000	0.322
happy	0.006	0.000	0.001	0.686	0.007	0.000	0.300
happy	0.004	0.000	0.000	0.774	0.003	0.000	0.219
neutral	0.004	0.000	0.001	0.490	0.009	0.000	0.498
happy	0.004	0.000	0.001	0.647	0.008	0.000	0.341
happy	0.002	0.000	0.000	0.771	0.004	0.000	0.223
happy	0.004	0.000	0.000	0.711	0.004	0.000	0.281
happy	0.010	0.000	0.001	0.696	0.006	0.001	0.288
happy	0.006	0.000	0.001	0.656	0.007	0.000	0.330
happy	0.001	0.000	0.000	0.834	0.001	0.000	0.163
happy	0.001	0.000	0.000	0.928	0.001	0.000	0.070
happy	0.002	0.000	0.000	0.863	0.005	0.000	0.130
happy	0.002	0.000	0.000	0.937	0.003	0.000	0.058
happy	0.001	0.000	0.000	0.955	0.001	0.000	0.043
happy	0.004	0.000	0.000	0.940	0.003	0.000	0.053
happy	0.002	0.000	0.000	0.976	0.002	0.000	0.020
happy	0.001	0.000	0.000	0.975	0.001	0.000	0.023
happy	0.001	0.000	0.000	0.972	0.001	0.000	0.026
happy	0.001	0.000	0.000	0.972	0.001	0.000	0.027
happy	0.000	0.000	0.000	0.988	0.000	0.000	0.012
happy	0.000	0.000	0.000	0.981	0.000	0.000	0.018
happy	0.001	0.000	0.000	0.979	0.000	0.000	0.019
happy	0.000	0.000	0.000	0.984	0.000	0.000	0.016
happy	0.000	0.000	0.000	0.982	0.000	0.000	0.018
happy	0.000	0.000	0.000	0.967	0.000	0.000	0.033
happy	0.001	0.000	0.000	0.959	0.000	0.000	0.040
happy	0.000	0.000	0.000	0.967	0.000	0.000	0.032
happy	0.001	0.000	0.000	0.950	0.000	0.000	0.048
happy	0.005	0.000	0.000	0.792	0.002	0.000	0.201
happy	0.003	0.000	0.000	0.904	0.001	0.000	0.092
happy	0.004	0.000	0.000	0.827	0.002	0.000	0.168
happy	0.004	0.000	0.000	0.747	0.005	0.000	0.244
sad	0.065	0.001	0.185	0.157	0.529	0.002	0.061
happy	0.008	0.000	0.000	0.756	0.006	0.000	0.230
happy	0.003	0.000	0.000	0.827	0.003	0.000	0.167
happy	0.007	0.000	0.000	0.668	0.007	0.000	0.318
neutral	0.005	0.000	0.000	0.399	0.015	0.000	0.581
neutral	0.009	0.000	0.002	0.309	0.018	0.001	0.660
neutral	0.006	0.000	0.001	0.393	0.009	0.001	0.590
neutral	0.015	0.000	0.001	0.160	0.009	0.001	0.813
neutral	0.018	0.000	0.001	0.295	0.010	0.000	0.675
neutral	0.009	0.000	0.001	0.167	0.008	0.001	0.815
neutral	0.012	0.000	0.001	0.206	0.007	0.001	0.774
neutral	0.015	0.000	0.001	0.223	0.007	0.001	0.751
neutral	0.015	0.000	0.001	0.264	0.006	0.001	0.714
neutral	0.022	0.000	0.002	0.178	0.012	0.001	0.785
neutral	0.009	0.000	0.002	0.235	0.020	0.000	0.733
neutral	0.014	0.000	0.002	0.210	0.017	0.000	0.756
neutral	0.009	0.000	0.001	0.245	0.013	0.000	0.732
neutral	0.011	0.000	0.001	0.132	0.010	0.000	0.845
neutral	0.016	0.000	0.001	0.173	0.013	0.000	0.796
neutral	0.018	0.000	0.001	0.131	0.011	0.000	0.838
neutral	0.012	0.000	0.002	0.146	0.027	0.000	0.812
neutral	0.012	0.000	0.002	0.190	0.022	0.001	0.772
neutral	0.013	0.000	0.002	0.129	0.024	0.000	0.832
neutral	0.007	0.000	0.001	0.187	0.020	0.000	0.785
neutral	0.011	0.000	0.001	0.119	0.014	0.001	0.855
neutral	0.011	0.000	0.001	0.063	0.007	0.001	0.919
neutral	0.020	0.000	0.001	0.070	0.012	0.001	0.897
neutral	0.034	0.000	0.001	0.067	0.012	0.001	0.885
neutral	0.009	0.000	0.002	0.057	0.051	0.000	0.881
neutral	0.025	0.000	0.005	0.046	0.077	0.001	0.846
neutral	0.022	0.000	0.007	0.045	0.089	0.001	0.836
neutral	0.016	0.000	0.005	0.054	0.047	0.001	0.878
neutral	0.029	0.000	0.001	0.049	0.020	0.000	0.901
neutral	0.015	0.000	0.001	0.020	0.017	0.001	0.946
neutral	0.030	0.000	0.001	0.036	0.023	0.000	0.910
neutral	0.014	0.000	0.001	0.043	0.021	0.001	0.921
neutral	0.010	0.000	0.000	0.049	0.012	0.001	0.928
neutral	0.012	0.000	0.001	0.030	0.013	0.001	0.943
neutral	0.012	0.000	0.001	0.039	0.015	0.001	0.931
neutral	0.008	0.000	0.001	0.032	0.014	0.001	0.943
neutral	0.014	0.000	0.003	0.034	0.027	0.001	0.920
neutral	0.007	0.000	0.004	0.011	0.041	0.001	0.937
neutral	0.006	0.000	0.003	0.007	0.038	0.000	0.945
neutral	0.006	0.000	0.002	0.026	0.024	0.000	0.941
neutral	0.016	0.000	0.005	0.096	0.085	0.001	0.797
neutral	0.013	0.000	0.003	0.067	0.058	0.000	0.860
neutral	0.012	0.000	0.004	0.023	0.070	0.000	0.890
neutral	0.009	0.000	0.003	0.014	0.060	0.000	0.913
neutral	0.009	0.000	0.003	0.047	0.041	0.000	0.899
neutral	0.009	0.000	0.002	0.079	0.036	0.000	0.874
neutral	0.005	0.000	0.002	0.026	0.034	0.000	0.933
neutral	0.004	0.000	0.002	0.035	0.018	0.001	0.940
neutral	0.046	0.000	0.002	0.146	0.024	0.001	0.782
neutral	0.052	0.000	0.003	0.161	0.029	0.001	0.753
neutral	0.044	0.000	0.002	0.063	0.023	0.001	0.867
neutral	0.035	0.000	0.001	0.207	0.015	0.001	0.740
neutral	0.015	0.000	0.001	0.160	0.009	0.001	0.815
neutral	0.016	0.000	0.000	0.183	0.009	0.001	0.791
neutral	0.021	0.000	0.001	0.147	0.011	0.001	0.819
neutral	0.024	0.000	0.002	0.097	0.021	0.001	0.855
neutral	0.006	0.000	0.001	0.160	0.008	0.002	0.823
neutral	0.014	0.000	0.002	0.209	0.018	0.003	0.754
neutral	0.007	0.000	0.003	0.095	0.039	0.001	0.855
neutral	0.025	0.000	0.006	0.176	0.035	0.004	0.755
neutral	0.008	0.000	0.005	0.182	0.046	0.002	0.758
happy	0.021	0.000	0.003	0.496	0.028	0.002	0.449
happy	0.012	0.000	0.004	0.522	0.027	0.002	0.433
neutral	0.012	0.000	0.005	0.377	0.027	0.004	0.576
happy	0.009	0.000	0.002	0.527	0.021	0.001	0.439
happy	0.010	0.000	0.004	0.513	0.019	0.003	0.451
happy	0.004	0.000	0.000	0.568	0.003	0.002	0.423
neutral	0.013	0.000	0.001	0.443	0.008	0.001	0.534
happy	0.004	0.000	0.000	0.698	0.005	0.001	0.292
happy	0.005	0.000	0.000	0.652	0.003	0.001	0.338
happy	0.006	0.000	0.000	0.705	0.003	0.002	0.283
happy	0.005	0.000	0.000	0.715	0.003	0.002	0.274
happy	0.005	0.000	0.000	0.554	0.004	0.002	0.435
happy	0.006	0.000	0.002	0.495	0.014	0.001	0.482
neutral	0.006	0.000	0.002	0.444	0.034	0.000	0.513
neutral	0.011	0.000	0.003	0.276	0.037	0.001	0.672
neutral	0.010	0.000	0.002	0.251	0.035	0.000	0.702
neutral	0.017	0.000	0.005	0.251	0.052	0.001	0.673
neutral	0.020	0.000	0.000	0.275	0.018	0.000	0.686
neutral	0.034	0.000	0.000	0.006	0.022	0.000	0.938
neutral	0.014	0.000	0.000	0.009	0.018	0.000	0.958
neutral	0.013	0.000	0.001	0.007	0.022	0.000	0.956
neutral	0.015	0.000	0.001	0.007	0.021	0.000	0.956
neutral	0.048	0.000	0.004	0.034	0.072	0.001	0.841
neutral	0.036	0.000	0.005	0.036	0.062	0.000	0.861
neutral	0.012	0.000	0.002	0.013	0.073	0.000	0.899
neutral	0.023	0.000	0.003	0.035	0.086	0.000	0.852
neutral	0.020	0.000	0.003	0.027	0.086	0.001	0.862
neutral	0.023	0.000	0.004	0.023	0.153	0.000	0.795
neutral	0.011	0.000	0.003	0.031	0.112	0.000	0.844
neutral	0.007	0.000	0.002	0.020	0.057	0.000	0.914
neutral	0.011	0.000	0.005	0.041	0.152	0.000	0.791
neutral	0.010	0.000	0.003	0.029	0.139	0.000	0.819
neutral	0.009	0.000	0.002	0.029	0.089	0.000	0.870
neutral	0.017	0.000	0.004	0.039	0.138	0.000	0.802
neutral	0.017	0.000	0.003	0.027	0.083	0.000	0.869
neutral	0.017	0.000	0.003	0.030	0.091	0.000	0.859
neutral	0.016	0.000	0.003	0.034	0.068	0.000	0.879
neutral	0.011	0.001	0.003	0.100	0.055	0.002	0.828
neutral	0.005	0.000	0.002	0.102	0.040	0.000	0.850
neutral	0.005	0.000	0.002	0.053	0.017	0.000	0.923
neutral	0.005	0.000	0.001	0.064	0.009	0.001	0.921
neutral	0.018	0.000	0.002	0.132	0.049	0.000	0.799
neutral	0.011	0.000	0.001	0.037	0.015	0.001	0.935
neutral	0.009	0.000	0.001	0.028	0.014	0.001	0.948
neutral	0.012	0.000	0.001	0.058	0.015	0.001	0.914
neutral	0.015	0.000	0.001	0.020	0.016	0.000	0.948
neutral	0.014	0.000	0.001	0.012	0.022	0.000	0.950
neutral	0.021	0.000	0.001	0.044	0.019	0.000	0.914
neutral	0.013	0.000	0.001	0.057	0.013	0.001	0.915
neutral	0.020	0.000	0.001	0.134	0.012	0.001	0.832
