prediction	angry	disgust	fear	happy	sad	surprise	neutral
sad	0.218	0.000	0.011	0.011	0.636	0.000	0.123
sad	0.177	0.000	0.006	0.059	0.462	0.001	0.295
sad	0.076	0.000	0.009	0.031	0.649	0.001	0.235
sad	0.083	0.000	0.009	0.080	0.604	0.001	0.223
sad	0.181	0.000	0.009	0.020	0.523	0.001	0.264
sad	0.181	0.000	0.008	0.019	0.477	0.001	0.313
sad	0.154	0.000	0.011	0.032	0.434	0.001	0.367
neutral	0.233	0.000	0.009	0.044	0.346	0.001	0.366
sad	0.290	0.000	0.005	0.026	0.395	0.000	0.282
sad	0.280	0.000	0.006	0.042	0.337	0.000	0.335
angry	0.333	0.000	0.006	0.052	0.313	0.000	0.295
angry	0.479	0.000	0.005	0.038	0.260	0.001	0.218
sad	0.279	0.000	0.005	0.068	0.370	0.001	0.278
sad	0.276	0.000	0.004	0.081	0.320	0.001	0.318
angry	0.504	0.000	0.003	0.034	0.263	0.001	0.196
sad	0.273	0.000	0.008	0.088	0.359	0.001	0.271
angry	0.363	0.001	0.007	0.065	0.258	0.002	0.305
sad	0.196	0.001	0.010	0.048	0.455	0.001	0.289
neutral	0.240	0.001	0.009	0.053	0.251	0.002	0.445
sad	0.269	0.001	0.011	0.022	0.468	0.002	0.228
sad	0.232	0.000	0.006	0.063	0.474	0.001	0.224
sad	0.231	0.000	0.009	0.095	0.359	0.002	0.304
sad	0.254	0.001	0.012	0.045	0.391	0.001	0.297
sad	0.190	0.001	0.010	0.041	0.395	0.002	0.361
sad	0.241	0.001	0.012	0.043	0.469	0.002	0.233
sad	0.267	0.000	0.011	0.037	0.415	0.001	0.267
sad	0.283	0.001	0.009	0.045	0.444	0.002	0.216
sad	0.258	0.001	0.010	0.041	0.462	0.001	0.226
sad	0.265	0.003	0.014	0.062	0.435	0.002	0.220
sad	0.313	0.003	0.011	0.036	0.430	0.003	0.205
sad	0.203	0.000	0.008	0.044	0.476	0.001	0.267
sad	0.087	0.002	0.034	0.031	0.624	0.004	0.218
sad	0.067	0.000	0.022	0.040	0.648	0.001	0.222
sad	0.066	0.000	0.021	0.035	0.673	0.001	0.204
sad	0.065	0.000	0.013	0.016	0.711	0.000	0.194
sad	0.129	0.001	0.020	0.043	0.453	0.001	0.352
sad	0.134	0.000	0.016	0.030	0.478	0.001	0.342
sad	0.207	0.000	0.016	0.020	0.464	0.000	0.292
sad	0.190	0.000	0.016	0.034	0.454	0.000	0.305
sad	0.212	0.000	0.009	0.027	0.451	0.000	0.300
sad	0.197	0.000	0.013	0.020	0.548	0.000	0.222
sad	0.322	0.000	0.007	0.015	0.483	0.000	0.173
sad	0.213	0.000	0.021	0.019	0.535	0.001	0.210
sad	0.180	0.000	0.015	0.022	0.575	0.001	0.207
sad	0.186	0.000	0.013	0.032	0.614	0.000	0.155
sad	0.354	0.001	0.010	0.023	0.449	0.001	0.163
sad	0.272	0.000	0.005	0.015	0.598	0.000	0.110
sad	0.286	0.000	0.005	0.020	0.523	0.000	0.165
sad	0.245	0.001	0.006	0.024	0.545	0.000	0.180
sad	0.356	0.000	0.004	0.020	0.520	0.000	0.100
sad	0.178	0.000	0.006	0.025	0.594	0.000	0.196
sad	0.184	0.001	0.008	0.024	0.641	0.001	0.141
sad	0.243	0.000	0.006	0.026	0.550	0.000	0.174
sad	0.285	0.000	0.005	0.015	0.600	0.000	0.095
sad	0.316	0.000	0.005	0.029	0.525	0.000	0.125
sad	0.350	0.000	0.004	0.031	0.506	0.000	0.108
sad	0.251	0.004	0.024	0.048	0.385	0.006	0.283
sad	0.288	0.000	0.005	0.030	0.542	0.000	0.135
sad	0.104	0.000	0.007	0.010	0.775	0.000	0.103
sad	0.164	0.000	0.008	0.011	0.702	0.000	0.115
sad	0.241	0.001	0.010	0.017	0.593	0.000	0.138
sad	0.339	0.000	0.006	0.022	0.522	0.000	0.111
sad	0.301	0.000	0.007	0.026	0.498	0.000	0.166
angry	0.382	0.000	0.005	0.044	0.367	0.000	0.201
sad	0.371	0.000	0.005	0.048	0.401	0.000	0.175
sad	0.368	0.000	0.008	0.019	0.506	0.000	0.097
sad	0.391	0.000	0.003	0.007	0.548	0.000	0.050
sad	0.320	0.000	0.004	0.027	0.518	0.000	0.130
sad	0.374	0.000	0.005	0.036	0.476	0.000	0.109
sad	0.331	0.000	0.005	0.021	0.532	0.000	0.110
sad	0.273	0.000	0.006	0.044	0.566	0.000	0.111
sad	0.247	0.000	0.008	0.040	0.569	0.000	0.135
sad	0.249	0.000	0.008	0.032	0.552	0.000	0.158
sad	0.404	0.000	0.004	0.012	0.510	0.000	0.070
sad	0.394	0.000	0.005	0.015	0.503	0.000	0.083
sad	0.219	0.000	0.007	0.017	0.650	0.000	0.108
sad	0.045	0.000	0.005	0.014	0.837	0.000	0.098
sad	0.104	0.000	0.012	0.014	0.768	0.000	0.102
sad	0.128	0.000	0.008	0.006	0.800	0.000	0.058
sad	0.134	0.000	0.005	0.008	0.800	0.000	0.053
sad	0.234	0.000	0.009	0.008	0.667	0.000	0.081
sad	0.327	0.000	0.007	0.008	0.578	0.000	0.081
sad	0.256	0.000	0.009	0.011	0.638	0.000	0.085
sad	0.107	0.000	0.006	0.005	0.822	0.000	0.060
sad	0.109	0.000	0.006	0.005	0.822	0.000	0.059
sad	0.112	0.000	0.006	0.003	0.839	0.000	0.039
sad	0.085	0.000	0.006	0.004	0.851	0.000	0.054
sad	0.098	0.000	0.011	0.005	0.803	0.000	0.083
sad	0.133	0.000	0.008	0.007	0.794	0.000	0.058
sad	0.112	0.000	0.006	0.003	0.846	0.000	0.034
sad	0.131	0.000	0.007	0.003	0.823	0.000	0.037
sad	0.094	0.000	0.004	0.002	0.872	0.000	0.028
sad	0.048	0.000	0.005	0.002	0.900	0.000	0.045
sad	0.164	0.000	0.008	0.009	0.740	0.000	0.079
sad	0.190	0.000	0.007	0.014	0.620	0.000	0.168
sad	0.251	0.000	0.005	0.017	0.598	0.000	0.128
sad	0.228	0.000	0.006	0.021	0.647	0.000	0.098
sad	0.274	0.000	0.006	0.018	0.589	0.000	0.112
sad	0.222	0.000	0.008	0.018	0.625	0.000	0.127
sad	0.180	0.000	0.014	0.015	0.655	0.001	0.137
neutral	0.086	0.000	0.007	0.139	0.233	0.002	0.534
sad	0.367	0.000	0.005	0.024	0.464	0.000	0.140
sad	0.096	0.000	0.007	0.025	0.575	0.000	0.297
sad	0.184	0.000	0.008	0.010	0.685	0.000	0.112
sad	0.234	0.000	0.007	0.007	0.665	0.000	0.086
sad	0.251	0.000	0.009	0.009	0.609	0.000	0.122
sad	0.091	0.000	0.008	0.003	0.775	0.000	0.122
sad	0.040	0.000	0.007	0.003	0.772	0.000	0.178
sad	0.270	0.000	0.009	0.006	0.557	0.000	0.158
sad	0.292	0.000	0.009	0.025	0.478	0.000	0.195
sad	0.269	0.000	0.011	0.016	0.466	0.000	0.238
sad	0.278	0.000	0.009	0.034	0.369	0.001	0.309
angry	0.409	0.000	0.009	0.032	0.313	0.001	0.237
sad	0.219	0.000	0.014	0.064	0.363	0.002	0.338
neutral	0.133	0.000	0.016	0.053	0.336	0.002	0.460
sad	0.200	0.000	0.010	0.053	0.392	0.001	0.343
neutral	0.213	0.000	0.009	0.078	0.244	0.001	0.454
sad	0.227	0.000	0.014	0.066	0.411	0.001	0.280
sad	0.329	0.000	0.010	0.031	0.486	0.001	0.144
sad	0.200	0.000	0.010	0.032	0.577	0.001	0.180
sad	0.168	0.001	0.010	0.079	0.410	0.001	0.332
sad	0.259	0.001	0.009	0.036	0.503	0.001	0.192
sad	0.237	0.000	0.009	0.051	0.485	0.001	0.217
sad	0.271	0.000	0.008	0.033	0.495	0.001	0.192
sad	0.306	0.000	0.008	0.027	0.481	0.001	0.178
sad	0.250	0.000	0.009	0.040	0.498	0.001	0.203
sad	0.206	0.001	0.009	0.028	0.544	0.001	0.212
sad	0.186	0.001	0.008	0.032	0.466	0.001	0.307
sad	0.255	0.001	0.007	0.060	0.381	0.001	0.296
neutral	0.192	0.001	0.006	0.056	0.365	0.001	0.379
sad	0.104	0.001	0.009	0.111	0.414	0.001	0.360
sad	0.130	0.001	0.007	0.081	0.430	0.001	0.350
sad	0.102	0.001	0.009	0.074	0.495	0.001	0.319
sad	0.076	0.001	0.009	0.086	0.443	0.001	0.384
sad	0.163	0.001	0.010	0.025	0.586	0.001	0.214
sad	0.100	0.001	0.010	0.039	0.511	0.001	0.340
sad	0.186	0.000	0.011	0.052	0.538	0.001	0.211
sad	0.157	0.000	0.007	0.039	0.481	0.001	0.314
sad	0.201	0.000	0.008	0.050	0.529	0.001	0.210
sad	0.233	0.000	0.008	0.050	0.525	0.001	0.183
sad	0.203	0.000	0.007	0.049	0.481	0.001	0.259
sad	0.150	0.000	0.010	0.047	0.513	0.001	0.279
sad	0.173	0.000	0.006	0.067	0.519	0.001	0.234
sad	0.067	0.000	0.014	0.047	0.695	0.001	0.177
sad	0.078	0.000	0.008	0.037	0.720	0.000	0.157
sad	0.081	0.000	0.010	0.042	0.719	0.000	0.147
sad	0.178	0.000	0.008	0.076	0.496	0.001	0.241
sad	0.228	0.000	0.010	0.052	0.538	0.001	0.170
sad	0.230	0.000	0.007	0.074	0.456	0.001	0.232
sad	0.205	0.000	0.006	0.065	0.500	0.001	0.223
sad	0.196	0.000	0.007	0.074	0.466	0.001	0.256
sad	0.163	0.000	0.007	0.053	0.564	0.001	0.212
sad	0.232	0.000	0.008	0.059	0.522	0.001	0.177
sad	0.174	0.000	0.006	0.072	0.551	0.001	0.195
sad	0.254	0.000	0.008	0.058	0.514	0.001	0.165
sad	0.208	0.000	0.008	0.078	0.498	0.001	0.208
sad	0.249	0.000	0.009	0.052	0.518	0.001	0.171
sad	0.241	0.000	0.013	0.042	0.579	0.001	0.123
sad	0.239	0.000	0.010	0.057	0.521	0.001	0.172
sad	0.238	0.000	0.008	0.059	0.511	0.001	0.184
sad	0.181	0.000	0.006	0.062	0.540	0.001	0.210
sad	0.185	0.000	0.006	0.073	0.548	0.001	0.186
sad	0.182	0.000	0.007	0.062	0.548	0.001	0.200
sad	0.176	0.000	0.010	0.042	0.600	0.001	0.171
sad	0.177	0.000	0.011	0.043	0.590	0.001	0.178
sad	0.235	0.000	0.009	0.052	0.508	0.001	0.194
sad	0.223	0.000	0.009	0.054	0.570	0.001	0.143
sad	0.249	0.000	0.011	0.054	0.505	0.002	0.179
sad	0.204	0.000	0.008	0.071	0.522	0.001	0.193
sad	0.211	0.000	0.007	0.062	0.524	0.001	0.194
sad	0.224	0.000	0.006	0.025	0.607	0.001	0.137
sad	0.237	0.000	0.007	0.063	0.514	0.001	0.177
sad	0.212	0.000	0.010	0.059	0.486	0.001	0.232
sad	0.186	0.000	0.010	0.042	0.601	0.001	0.161
sad	0.088	0.000	0.014	0.044	0.646	0.001	0.208
sad	0.078	0.000	0.012	0.036	0.693	0.000	0.179
sad	0.059	0.000	0.011	0.039	0.665	0.001	0.226
sad	0.129	0.000	0.010	0.041	0.610	0.001	0.209
sad	0.134	0.000	0.009	0.039	0.595	0.001	0.221
sad	0.141	0.000	0.007	0.046	0.508	0.001	0.295
sad	0.268	0.001	0.010	0.044	0.512	0.001	0.165
sad	0.272	0.001	0.006	0.057	0.373	0.001	0.290
sad	0.253	0.001	0.006	0.043	0.481	0.000	0.215
sad	0.275	0.001	0.008	0.035	0.455	0.000	0.226
sad	0.247	0.000	0.008	0.057	0.510	0.001	0.177
sad	0.277	0.001	0.009	0.025	0.534	0.000	0.155
sad	0.177	0.000	0.007	0.041	0.615	0.001	0.160
sad	0.117	0.000	0.011	0.032	0.670	0.001	0.169
sad	0.098	0.000	0.011	0.021	0.687	0.001	0.181
sad	0.172	0.000	0.008	0.022	0.621	0.000	0.176
sad	0.103	0.000	0.010	0.027	0.699	0.001	0.160
sad	0.157	0.000	0.011	0.031	0.669	0.001	0.132
sad	0.231	0.001	0.010	0.038	0.559	0.001	0.160
sad	0.240	0.000	0.006	0.047	0.462	0.001	0.243
sad	0.202	0.000	0.010	0.021	0.574	0.001	0.192
sad	0.241	0.001	0.008	0.043	0.389	0.001	0.319
sad	0.210	0.000	0.007	0.027	0.532	0.001	0.222
sad	0.259	0.000	0.007	0.060	0.504	0.001	0.169
sad	0.333	0.000	0.009	0.037	0.493	0.001	0.127
sad	0.237	0.000	0.006	0.061	0.472	0.001	0.222
sad	0.282	0.000	0.009	0.022	0.537	0.001	0.149
sad	0.259	0.000	0.009	0.040	0.500	0.001	0.190
sad	0.230	0.000	0.009	0.037	0.553	0.001	0.170
sad	0.195	0.000	0.008	0.022	0.641	0.001	0.132
sad	0.212	0.000	0.007	0.036	0.539	0.001	0.204
sad	0.215	0.000	0.010	0.030	0.583	0.002	0.160
sad	0.207	0.000	0.009	0.032	0.550	0.002	0.201
sad	0.155	0.000	0.006	0.059	0.547	0.001	0.231
sad	0.205	0.000	0.009	0.021	0.606	0.001	0.158
sad	0.261	0.000	0.009	0.036	0.554	0.001	0.140
sad	0.293	0.000	0.009	0.026	0.519	0.001	0.151
sad	0.229	0.000	0.009	0.029	0.557	0.001	0.175
sad	0.223	0.000	0.011	0.024	0.575	0.001	0.165
sad	0.218	0.000	0.007	0.039	0.553	0.001	0.182
sad	0.194	0.000	0.008	0.034	0.554	0.001	0.210
sad	0.197	0.000	0.008	0.040	0.547	0.001	0.207
sad	0.242	0.000	0.010	0.041	0.528	0.001	0.178
sad	0.213	0.000	0.010	0.023	0.607	0.001	0.146
sad	0.192	0.000	0.017	0.014	0.654	0.001	0.121
sad	0.176	0.000	0.011	0.028	0.615	0.001	0.168
sad	0.202	0.000	0.007	0.031	0.497	0.001	0.261
sad	0.212	0.000	0.008	0.034	0.543	0.001	0.201
sad	0.180	0.000	0.007	0.037	0.506	0.001	0.268
sad	0.287	0.000	0.006	0.061	0.423	0.000	0.222
sad	0.255	0.000	0.007	0.054	0.464	0.001	0.219
sad	0.225	0.000	0.009	0.032	0.529	0.001	0.203
sad	0.228	0.000	0.006	0.055	0.451	0.001	0.259
sad	0.283	0.000	0.005	0.038	0.427	0.001	0.247
sad	0.272	0.000	0.007	0.039	0.424	0.001	0.257
sad	0.270	0.000	0.007	0.041	0.429	0.001	0.251
sad	0.200	0.000	0.006	0.052	0.425	0.002	0.316
sad	0.237	0.000	0.008	0.031	0.474	0.001	0.248
sad	0.257	0.000	0.006	0.050	0.428	0.001	0.258
sad	0.230	0.000	0.006	0.054	0.484	0.001	0.224
sad	0.233	0.000	0.007	0.051	0.491	0.001	0.218
sad	0.081	0.000	0.010	0.021	0.708	0.000	0.179
sad	0.068	0.000	0.008	0.016	0.797	0.000	0.110
sad	0.199	0.000	0.009	0.025	0.615	0.001	0.151
sad	0.222	0.000	0.006	0.033	0.508	0.001	0.230
sad	0.285	0.000	0.010	0.042	0.440	0.001	0.222
sad	0.288	0.000	0.008	0.047	0.399	0.001	0.258
sad	0.190	0.000	0.006	0.027	0.454	0.001	0.321
sad	0.297	0.000	0.006	0.072	0.361	0.000	0.263
sad	0.296	0.000	0.006	0.050	0.374	0.001	0.274
sad	0.291	0.000	0.007	0.055	0.375	0.001	0.271
neutral	0.200	0.000	0.005	0.057	0.365	0.001	0.372
sad	0.283	0.000	0.006	0.053	0.441	0.000	0.216
sad	0.294	0.000	0.007	0.045	0.402	0.001	0.252
sad	0.257	0.000	0.007	0.035	0.474	0.001	0.226
sad	0.259	0.000	0.006	0.048	0.445	0.001	0.242
sad	0.275	0.000	0.007	0.039	0.452	0.001	0.227
sad	0.207	0.000	0.005	0.055	0.417	0.001	0.313
sad	0.276	0.000	0.008	0.042	0.454	0.001	0.219
sad	0.247	0.000	0.008	0.024	0.518	0.001	0.201
sad	0.307	0.000	0.011	0.028	0.462	0.001	0.192
sad	0.250	0.000	0.007	0.037	0.488	0.001	0.215
sad	0.317	0.000	0.010	0.035	0.438	0.001	0.198
sad	0.268	0.000	0.009	0.039	0.451	0.001	0.231
sad	0.293	0.000	0.009	0.033	0.456	0.001	0.208
angry	0.368	0.000	0.006	0.060	0.367	0.000	0.198
sad	0.249	0.000	0.008	0.043	0.493	0.001	0.206
sad	0.213	0.001	0.007	0.046	0.479	0.001	0.253
sad	0.099	0.001	0.008	0.017	0.781	0.000	0.094
sad	0.084	0.000	0.010	0.023	0.709	0.001	0.173
sad	0.075	0.000	0.007	0.023	0.767	0.000	0.127
sad	0.163	0.001	0.006	0.044	0.545	0.001	0.241
sad	0.240	0.000	0.007	0.057	0.426	0.001	0.269
sad	0.148	0.001	0.006	0.038	0.495	0.001	0.313
sad	0.338	0.000	0.008	0.035	0.427	0.001	0.191
sad	0.108	0.000	0.008	0.014	0.796	0.000	0.073
sad	0.085	0.000	0.011	0.023	0.803	0.000	0.077
sad	0.063	0.000	0.013	0.038	0.755	0.000	0.131
sad	0.085	0.000	0.006	0.014	0.825	0.000	0.069
sad	0.075	0.000	0.008	0.013	0.816	0.000	0.088
sad	0.064	0.001	0.004	0.007	0.874	0.000	0.050
sad	0.084	0.000	0.007	0.014	0.788	0.000	0.106
sad	0.083	0.000	0.009	0.030	0.754	0.000	0.124
sad	0.076	0.000	0.008	0.026	0.762	0.000	0.128
sad	0.082	0.000	0.006	0.012	0.822	0.000	0.078
sad	0.084	0.000	0.006	0.018	0.789	0.000	0.103
sad	0.090	0.000	0.012	0.022	0.650	0.001	0.226
sad	0.087	0.000	0.008	0.054	0.652	0.000	0.198
sad	0.225	0.000	0.006	0.046	0.493	0.001	0.229
sad	0.337	0.001	0.007	0.023	0.429	0.001	0.203
sad	0.325	0.000	0.007	0.035	0.430	0.001	0.202
sad	0.355	0.000	0.007	0.047	0.383	0.001	0.207
sad	0.307	0.000	0.007	0.050	0.403	0.001	0.232
sad	0.240	0.000	0.008	0.039	0.409	0.001	0.303
sad	0.299	0.000	0.008	0.030	0.485	0.001	0.177
sad	0.354	0.000	0.007	0.051	0.411	0.000	0.176
angry	0.392	0.000	0.007	0.043	0.374	0.000	0.184
sad	0.327	0.000	0.007	0.050	0.372	0.000	0.243
angry	0.375	0.000	0.007	0.044	0.362	0.000	0.212
sad	0.320	0.000	0.006	0.038	0.416	0.001	0.219
sad	0.291	0.000	0.008	0.053	0.432	0.001	0.216
sad	0.304	0.000	0.007	0.042	0.442	0.001	0.204
sad	0.277	0.000	0.006	0.048	0.422	0.001	0.246
sad	0.264	0.000	0.006	0.054	0.399	0.001	0.276
sad	0.275	0.000	0.006	0.051	0.396	0.001	0.270
sad	0.369	0.000	0.009	0.018	0.397	0.001	0.206
sad	0.313	0.000	0.007	0.019	0.391	0.001	0.268
sad	0.347	0.000	0.006	0.036	0.377	0.001	0.234
sad	0.290	0.000	0.005	0.034	0.374	0.001	0.296
sad	0.288	0.000	0.006	0.044	0.364	0.001	0.298
sad	0.280	0.001	0.006	0.040	0.342	0.001	0.330
sad	0.292	0.000	0.006	0.049	0.373	0.001	0.279
sad	0.259	0.000	0.006	0.067	0.339	0.001	0.328
sad	0.270	0.000	0.005	0.064	0.346	0.001	0.314
neutral	0.273	0.000	0.004	0.058	0.284	0.001	0.379
sad	0.290	0.000	0.005	0.044	0.347	0.001	0.313
sad	0.293	0.000	0.006	0.060	0.364	0.001	0.276
sad	0.359	0.000	0.006	0.052	0.386	0.001	0.195
sad	0.265	0.000	0.007	0.079	0.341	0.001	0.307
neutral	0.260	0.000	0.004	0.050	0.294	0.001	0.391
sad	0.364	0.000	0.006	0.033	0.383	0.000	0.214
neutral	0.256	0.000	0.004	0.056	0.310	0.001	0.373
angry	0.374	0.000	0.005	0.057	0.351	0.000	0.212
sad	0.351	0.000	0.006	0.058	0.397	0.000	0.188
sad	0.239	0.001	0.004	0.037	0.397	0.000	0.322
neutral	0.217	0.000	0.004	0.049	0.305	0.001	0.424
neutral	0.255	0.000	0.005	0.039	0.330	0.001	0.370
neutral	0.264	0.000	0.006	0.050	0.305	0.001	0.373
sad	0.232	0.000	0.007	0.089	0.355	0.001	0.316
sad	0.115	0.000	0.013	0.026	0.656	0.000	0.189
sad	0.086	0.000	0.007	0.025	0.596	0.001	0.285
sad	0.163	0.000	0.007	0.024	0.655	0.000	0.150
sad	0.218	0.000	0.008	0.054	0.428	0.001	0.290
sad	0.251	0.000	0.005	0.037	0.358	0.001	0.348
sad	0.321	0.000	0.006	0.041	0.376	0.001	0.255
neutral	0.269	0.001	0.005	0.072	0.286	0.001	0.367
angry	0.325	0.000	0.005	0.052	0.303	0.001	0.314
sad	0.370	0.000	0.007	0.040	0.400	0.000	0.182
sad	0.274	0.000	0.006	0.037	0.406	0.001	0.276
angry	0.351	0.001	0.006	0.027	0.343	0.001	0.272
sad	0.319	0.001	0.009	0.033	0.470	0.001	0.168
angry	0.397	0.000	0.006	0.037	0.393	0.001	0.166
angry	0.376	0.000	0.006	0.035	0.352	0.001	0.229
sad	0.309	0.000	0.008	0.046	0.423	0.001	0.214
sad	0.080	0.000	0.010	0.038	0.669	0.001	0.202
sad	0.135	0.001	0.013	0.018	0.563	0.000	0.270
sad	0.327	0.001	0.009	0.019	0.458	0.001	0.187
angry	0.362	0.000	0.004	0.048	0.275	0.001	0.309
angry	0.426	0.000	0.007	0.060	0.344	0.000	0.162
angry	0.464	0.001	0.007	0.036	0.269	0.000	0.223
angry	0.417	0.000	0.006	0.023	0.323	0.001	0.230
angry	0.493	0.000	0.005	0.026	0.330	0.001	0.145
angry	0.360	0.000	0.006	0.035	0.300	0.001	0.298
angry	0.499	0.000	0.005	0.040	0.286	0.000	0.169
sad	0.296	0.000	0.005	0.091	0.409	0.001	0.199
sad	0.385	0.000	0.007	0.050	0.409	0.001	0.149
sad	0.390	0.000	0.008	0.017	0.485	0.001	0.100
angry	0.451	0.000	0.007	0.017	0.434	0.001	0.090
sad	0.280	0.000	0.006	0.078	0.365	0.001	0.270
sad	0.255	0.000	0.006	0.065	0.436	0.001	0.236
sad	0.312	0.000	0.008	0.055	0.429	0.001	0.196
sad	0.320	0.000	0.006	0.037	0.380	0.001	0.256
sad	0.275	0.000	0.006	0.055	0.378	0.001	0.285
sad	0.284	0.000	0.005	0.056	0.380	0.001	0.273
sad	0.277	0.000	0.007	0.043	0.421	0.001	0.251
sad	0.301	0.000	0.007	0.046	0.402	0.001	0.243
sad	0.303	0.000	0.007	0.075	0.401	0.001	0.213
sad	0.288	0.000	0.006	0.070	0.367	0.001	0.267
sad	0.329	0.000	0.007	0.066	0.420	0.000	0.177
sad	0.290	0.000	0.006	0.076	0.398	0.001	0.229
sad	0.281	0.000	0.005	0.076	0.394	0.001	0.244
sad	0.327	0.000	0.006	0.077	0.382	0.001	0.207
angry	0.382	0.000	0.005	0.056	0.368	0.001	0.189
sad	0.372	0.000	0.005	0.058	0.379	0.000	0.185
sad	0.366	0.000	0.009	0.049	0.413	0.001	0.162
sad	0.301	0.000	0.006	0.072	0.407	0.001	0.213
angry	0.393	0.000	0.005	0.048	0.379	0.000	0.175
angry	0.429	0.000	0.008	0.036	0.411	0.000	0.115
sad	0.096	0.000	0.006	0.051	0.622	0.001	0.224
sad	0.105	0.000	0.007	0.045	0.633	0.000	0.209
sad	0.365	0.000	0.011	0.018	0.519	0.000	0.086
sad	0.346	0.000	0.007	0.069	0.368	0.000	0.209
angry	0.401	0.000	0.007	0.054	0.341	0.000	0.195
sad	0.329	0.000	0.007	0.044	0.438	0.001	0.181
sad	0.349	0.000	0.007	0.031	0.425	0.001	0.187
sad	0.361	0.000	0.007	0.035	0.414	0.000	0.182
sad	0.314	0.000	0.006	0.055	0.393	0.001	0.230
sad	0.253	0.000	0.007	0.052	0.465	0.001	0.222
sad	0.345	0.000	0.008	0.040	0.441	0.001	0.165
sad	0.273	0.000	0.005	0.066	0.351	0.001	0.303
angry	0.392	0.000	0.008	0.014	0.359	0.001	0.226
sad	0.264	0.000	0.006	0.053	0.378	0.001	0.298
sad	0.241	0.000	0.006	0.058	0.349	0.001	0.345
sad	0.329	0.000	0.006	0.016	0.364	0.001	0.284
angry	0.384	0.000	0.006	0.049	0.374	0.000	0.187
angry	0.400	0.000	0.008	0.054	0.368	0.000	0.169
sad	0.275	0.000	0.007	0.040	0.483	0.001	0.194
sad	0.379	0.000	0.008	0.022	0.481	0.000	0.110
sad	0.310	0.000	0.006	0.059	0.382	0.001	0.242
sad	0.343	0.000	0.006	0.060	0.379	0.001	0.211
sad	0.292	0.000	0.006	0.031	0.493	0.001	0.178
sad	0.241	0.000	0.005	0.118	0.358	0.001	0.277
sad	0.222	0.000	0.005	0.133	0.341	0.001	0.299
sad	0.259	0.000	0.007	0.076	0.377	0.001	0.280
angry	0.348	0.000	0.003	0.073	0.306	0.000	0.269
angry	0.371	0.000	0.003	0.055	0.326	0.000	0.243
sad	0.321	0.000	0.005	0.116	0.325	0.000	0.232
sad	0.120	0.001	0.012	0.041	0.588	0.000	0.238
sad	0.082	0.000	0.010	0.031	0.690	0.001	0.186
sad	0.106	0.000	0.007	0.023	0.687	0.000	0.176
sad	0.284	0.000	0.009	0.035	0.522	0.001	0.149
sad	0.250	0.000	0.008	0.038	0.517	0.001	0.186
sad	0.242	0.000	0.006	0.072	0.425	0.001	0.255
sad	0.255	0.001	0.006	0.050	0.403	0.001	0.285
sad	0.422	0.000	0.008	0.020	0.456	0.001	0.093
sad	0.289	0.001	0.008	0.036	0.466	0.001	0.200
sad	0.257	0.000	0.008	0.021	0.583	0.001	0.129
sad	0.371	0.000	0.009	0.020	0.484	0.001	0.115
sad	0.303	0.000	0.008	0.020	0.528	0.001	0.141
sad	0.323	0.000	0.015	0.015	0.511	0.001	0.135
sad	0.280	0.000	0.008	0.020	0.539	0.001	0.152
sad	0.342	0.000	0.010	0.017	0.506	0.001	0.124
sad	0.236	0.000	0.007	0.021	0.504	0.001	0.229
sad	0.258	0.000	0.008	0.038	0.484	0.001	0.212
sad	0.269	0.000	0.012	0.012	0.580	0.001	0.125
sad	0.267	0.000	0.013	0.015	0.564	0.001	0.140
sad	0.272	0.000	0.008	0.024	0.563	0.001	0.132
sad	0.246	0.000	0.015	0.008	0.553	0.000	0.176
sad	0.182	0.000	0.010	0.026	0.492	0.001	0.290
sad	0.190	0.000	0.008	0.026	0.636	0.001	0.139
sad	0.221	0.000	0.011	0.019	0.407	0.001	0.342
sad	0.209	0.000	0.008	0.021	0.495	0.001	0.266
sad	0.206	0.000	0.009	0.023	0.588	0.001	0.172
sad	0.133	0.000	0.006	0.078	0.500	0.001	0.283
sad	0.152	0.000	0.005	0.051	0.472	0.001	0.319
neutral	0.135	0.000	0.006	0.032	0.365	0.001	0.462
sad	0.144	0.000	0.005	0.048	0.473	0.001	0.330
sad	0.134	0.000	0.004	0.042	0.499	0.001	0.320
sad	0.129	0.000	0.005	0.046	0.513	0.001	0.306
sad	0.158	0.000	0.005	0.041	0.559	0.000	0.237
sad	0.134	0.000	0.005	0.040	0.515	0.001	0.305
sad	0.192	0.000	0.005	0.026	0.552	0.000	0.224
sad	0.154	0.000	0.005	0.039	0.537	0.000	0.264
sad	0.112	0.000	0.004	0.064	0.464	0.001	0.354
sad	0.169	0.000	0.008	0.035	0.575	0.001	0.213
sad	0.108	0.000	0.005	0.066	0.460	0.001	0.360
sad	0.152	0.000	0.007	0.021	0.472	0.001	0.347
sad	0.155	0.000	0.006	0.025	0.474	0.001	0.338
sad	0.104	0.000	0.004	0.047	0.449	0.000	0.394
sad	0.116	0.000	0.004	0.051	0.440	0.001	0.387
sad	0.136	0.001	0.005	0.037	0.463	0.001	0.358
sad	0.128	0.000	0.006	0.036	0.537	0.001	0.294
sad	0.118	0.000	0.006	0.055	0.579	0.001	0.243
sad	0.128	0.000	0.006	0.051	0.566	0.001	0.248
sad	0.141	0.000	0.005	0.030	0.531	0.000	0.291
sad	0.138	0.000	0.007	0.016	0.570	0.000	0.268
sad	0.151	0.000	0.008	0.012	0.609	0.000	0.219
sad	0.110	0.000	0.008	0.020	0.507	0.001	0.354
sad	0.163	0.000	0.010	0.013	0.598	0.000	0.215
sad	0.137	0.000	0.008	0.020	0.669	0.000	0.166
sad	0.113	0.000	0.008	0.022	0.597	0.000	0.258
sad	0.109	0.000	0.012	0.102	0.567	0.001	0.208
sad	0.111	0.000	0.010	0.016	0.619	0.000	0.243
sad	0.119	0.000	0.005	0.030	0.508	0.001	0.337
sad	0.157	0.000	0.006	0.022	0.464	0.001	0.351
sad	0.142	0.000	0.012	0.017	0.656	0.000	0.172
sad	0.120	0.000	0.006	0.023	0.631	0.000	0.219
sad	0.033	0.000	0.004	0.023	0.639	0.000	0.301
sad	0.074	0.000	0.007	0.062	0.547	0.001	0.310
sad	0.089	0.000	0.006	0.033	0.659	0.000	0.213
sad	0.146	0.001	0.008	0.014	0.570	0.000	0.261
sad	0.217	0.000	0.010	0.015	0.542	0.000	0.215
sad	0.207	0.001	0.006	0.028	0.458	0.001	0.299
sad	0.180	0.000	0.014	0.007	0.649	0.000	0.148
sad	0.193	0.001	0.009	0.019	0.516	0.000	0.262
sad	0.169	0.000	0.017	0.006	0.655	0.000	0.152
sad	0.192	0.000	0.007	0.041	0.449	0.001	0.311
sad	0.138	0.000	0.008	0.038	0.493	0.001	0.322
sad	0.162	0.000	0.014	0.009	0.733	0.000	0.081
sad	0.180	0.000	0.013	0.019	0.569	0.001	0.218
sad	0.213	0.000	0.010	0.030	0.577	0.001	0.169
sad	0.185	0.000	0.008	0.031	0.566	0.000	0.208
sad	0.131	0.000	0.015	0.011	0.754	0.000	0.088
sad	0.198	0.000	0.009	0.026	0.432	0.001	0.334
neutral	0.189	0.000	0.006	0.039	0.375	0.001	0.391
angry	0.483	0.000	0.012	0.010	0.335	0.001	0.159
neutral	0.248	0.000	0.008	0.026	0.304	0.001	0.412
sad	0.302	0.001	0.011	0.025	0.337	0.001	0.322
angry	0.383	0.001	0.009	0.026	0.343	0.001	0.238
sad	0.283	0.000	0.009	0.029	0.377	0.001	0.301
sad	0.257	0.000	0.010	0.034	0.415	0.001	0.283
sad	0.299	0.000	0.009	0.025	0.351	0.001	0.315
angry	0.368	0.000	0.005	0.024	0.342	0.001	0.259
neutral	0.181	0.000	0.008	0.033	0.366	0.001	0.411
sad	0.277	0.001	0.008	0.041	0.336	0.001	0.336
sad	0.439	0.000	0.016	0.006	0.453	0.000	0.085
sad	0.219	0.000	0.006	0.024	0.411	0.001	0.339
sad	0.373	0.000	0.014	0.017	0.387	0.001	0.210
sad	0.357	0.000	0.009	0.016	0.414	0.001	0.203
sad	0.340	0.000	0.007	0.019	0.385	0.001	0.248
sad	0.248	0.000	0.006	0.030	0.393	0.001	0.322
neutral	0.214	0.001	0.006	0.043	0.353	0.001	0.382
sad	0.280	0.000	0.006	0.022	0.418	0.001	0.273
neutral	0.227	0.000	0.007	0.032	0.349	0.001	0.384
neutral	0.184	0.000	0.006	0.028	0.349	0.001	0.432
sad	0.309	0.000	0.008	0.018	0.375	0.001	0.290
neutral	0.132	0.000	0.005	0.041	0.284	0.001	0.536
sad	0.180	0.000	0.006	0.029	0.420	0.001	0.363
sad	0.158	0.000	0.006	0.023	0.451	0.001	0.361
sad	0.160	0.000	0.006	0.024	0.440	0.001	0.369
sad	0.296	0.001	0.008	0.022	0.352	0.001	0.321
sad	0.225	0.000	0.009	0.021	0.405	0.001	0.341
sad	0.279	0.001	0.007	0.026	0.389	0.001	0.298
sad	0.238	0.000	0.006	0.024	0.365	0.001	0.365
neutral	0.219	0.000	0.007	0.026	0.354	0.001	0.394
sad	0.177	0.000	0.007	0.025	0.435	0.001	0.355
sad	0.186	0.000	0.007	0.029	0.443	0.001	0.335
sad	0.254	0.000	0.009	0.029	0.416	0.001	0.291
sad	0.364	0.001	0.014	0.016	0.402	0.001	0.203
sad	0.172	0.000	0.007	0.030	0.445	0.001	0.344
sad	0.154	0.000	0.005	0.028	0.406	0.001	0.405
neutral	0.219	0.000	0.007	0.023	0.368	0.001	0.382
neutral	0.156	0.000	0.006	0.032	0.403	0.001	0.403
sad	0.155	0.000	0.005	0.030	0.418	0.001	0.391
sad	0.256	0.000	0.009	0.025	0.451	0.000	0.258
sad	0.256	0.000	0.011	0.020	0.362	0.001	0.349
sad	0.218	0.000	0.006	0.026	0.411	0.001	0.338
neutral	0.190	0.000	0.005	0.024	0.376	0.001	0.403
sad	0.203	0.000	0.008	0.027	0.457	0.001	0.304
sad	0.206	0.000	0.005	0.026	0.388	0.001	0.374
neutral	0.207	0.000	0.006	0.031	0.324	0.001	0.431
sad	0.199	0.000	0.005	0.024	0.386	0.001	0.386
sad	0.218	0.000	0.006	0.023	0.389	0.001	0.362
sad	0.258	0.000	0.007	0.023	0.365	0.001	0.346
sad	0.074	0.000	0.008	0.017	0.641	0.000	0.258
sad	0.086	0.000	0.008	0.008	0.724	0.000	0.173
sad	0.180	0.000	0.010	0.025	0.433	0.001	0.351
sad	0.298	0.000	0.009	0.018	0.410	0.000	0.264
neutral	0.169	0.000	0.007	0.035	0.393	0.001	0.396
neutral	0.193	0.000	0.007	0.038	0.359	0.001	0.402
sad	0.219	0.000	0.010	0.031	0.410	0.001	0.330
sad	0.190	0.000	0.009	0.033	0.431	0.001	0.336
sad	0.278	0.001	0.008	0.026	0.401	0.001	0.285
sad	0.370	0.000	0.010	0.015	0.400	0.001	0.204
neutral	0.210	0.000	0.007	0.034	0.342	0.001	0.405
angry	0.355	0.000	0.009	0.023	0.339	0.001	0.273
sad	0.388	0.000	0.017	0.013	0.465	0.001	0.117
angry	0.421	0.000	0.011	0.023	0.315	0.001	0.230
sad	0.407	0.000	0.016	0.010	0.455	0.001	0.111
sad	0.312	0.000	0.008	0.028	0.341	0.001	0.310
angry	0.464	0.000	0.012	0.013	0.347	0.001	0.163
angry	0.367	0.001	0.008	0.034	0.322	0.001	0.268
sad	0.332	0.000	0.008	0.017	0.338	0.001	0.304
angry	0.332	0.000	0.007	0.016	0.330	0.001	0.313
sad	0.123	0.001	0.011	0.010	0.745	0.000	0.109
sad	0.099	0.001	0.009	0.014	0.743	0.000	0.134
sad	0.304	0.001	0.006	0.021	0.356	0.001	0.312
angry	0.505	0.000	0.006	0.013	0.228	0.000	0.247
angry	0.412	0.001	0.008	0.029	0.325	0.000	0.225
angry	0.433	0.000	0.005	0.020	0.267	0.000	0.274
angry	0.435	0.000	0.007	0.015	0.284	0.001	0.258
angry	0.600	0.000	0.013	0.006	0.288	0.001	0.092
angry	0.570	0.000	0.011	0.010	0.305	0.001	0.103
angry	0.426	0.000	0.010	0.014	0.370	0.001	0.180
sad	0.134	0.001	0.013	0.009	0.727	0.000	0.116
sad	0.129	0.000	0.010	0.015	0.714	0.000	0.132
sad	0.181	0.000	0.011	0.015	0.644	0.001	0.148
sad	0.337	0.001	0.010	0.021	0.497	0.001	0.133
angry	0.469	0.001	0.008	0.015	0.342	0.001	0.164
neutral	0.288	0.000	0.005	0.028	0.330	0.001	0.349
sad	0.375	0.000	0.008	0.024	0.389	0.001	0.203
sad	0.314	0.000	0.004	0.026	0.353	0.001	0.302
sad	0.355	0.001	0.007	0.042	0.369	0.001	0.225
angry	0.392	0.001	0.011	0.019	0.310	0.001	0.266
angry	0.606	0.001	0.006	0.014	0.221	0.001	0.151
angry	0.547	0.000	0.011	0.007	0.322	0.000	0.112
angry	0.604	0.001	0.008	0.011	0.252	0.001	0.124
angry	0.591	0.001	0.007	0.017	0.235	0.001	0.148
angry	0.588	0.001	0.007	0.015	0.242	0.001	0.147
angry	0.568	0.001	0.008	0.014	0.234	0.001	0.175
angry	0.569	0.000	0.008	0.018	0.233	0.001	0.170
angry	0.655	0.000	0.006	0.012	0.203	0.000	0.123
angry	0.642	0.000	0.007	0.009	0.195	0.000	0.146
angry	0.617	0.000	0.011	0.006	0.272	0.001	0.093
angry	0.499	0.001	0.006	0.015	0.288	0.000	0.190
sad	0.246	0.001	0.011	0.008	0.656	0.000	0.078
sad	0.087	0.000	0.006	0.011	0.783	0.000	0.112
sad	0.319	0.000	0.010	0.008	0.538	0.000	0.124
angry	0.595	0.000	0.008	0.010	0.262	0.000	0.125
angry	0.647	0.001	0.005	0.010	0.205	0.000	0.132
angry	0.586	0.000	0.005	0.015	0.242	0.001	0.151
angry	0.514	0.000	0.008	0.014	0.285	0.000	0.177
angry	0.470	0.001	0.005	0.030	0.301	0.001	0.193
angry	0.507	0.000	0.005	0.013	0.274	0.001	0.201
angry	0.498	0.000	0.005	0.017	0.273	0.001	0.206
angry	0.515	0.001	0.005	0.021	0.252	0.001	0.205
angry	0.458	0.001	0.006	0.034	0.325	0.000	0.177
angry	0.509	0.001	0.003	0.020	0.279	0.000	0.187
angry	0.641	0.001	0.005	0.013	0.211	0.000	0.129
angry	0.623	0.000	0.008	0.006	0.309	0.000	0.053
angry	0.554	0.000	0.007	0.017	0.269	0.001	0.153
angry	0.475	0.001	0.008	0.015	0.312	0.001	0.190
angry	0.659	0.000	0.009	0.007	0.261	0.000	0.063
angry	0.555	0.000	0.008	0.020	0.245	0.001	0.171
angry	0.651	0.001	0.014	0.002	0.296	0.000	0.035
angry	0.629	0.000	0.009	0.008	0.240	0.000	0.114
angry	0.644	0.000	0.011	0.005	0.267	0.000	0.073
angry	0.695	0.000	0.011	0.005	0.215	0.000	0.073
angry	0.519	0.000	0.007	0.022	0.265	0.001	0.187
angry	0.559	0.001	0.008	0.017	0.277	0.001	0.138
angry	0.527	0.000	0.006	0.020	0.266	0.001	0.179
angry	0.371	0.000	0.004	0.037	0.282	0.001	0.305
angry	0.445	0.001	0.005	0.028	0.288	0.001	0.233
sad	0.361	0.000	0.006	0.023	0.376	0.001	0.232
sad	0.098	0.000	0.008	0.010	0.774	0.000	0.110
sad	0.097	0.000	0.006	0.010	0.785	0.000	0.102
sad	0.190	0.000	0.008	0.025	0.593	0.001	0.184
sad	0.333	0.001	0.006	0.025	0.411	0.000	0.225
angry	0.500	0.000	0.004	0.025	0.224	0.001	0.245
angry	0.464	0.001	0.004	0.025	0.280	0.001	0.225
angry	0.510	0.000	0.005	0.031	0.259	0.000	0.195
angry	0.444	0.001	0.006	0.034	0.299	0.000	0.216
angry	0.390	0.001	0.008	0.018	0.273	0.001	0.310
angry	0.506	0.001	0.006	0.019	0.313	0.000	0.155
angry	0.458	0.001	0.006	0.018	0.306	0.000	0.211
angry	0.460	0.000	0.009	0.018	0.348	0.001	0.164
sad	0.290	0.001	0.013	0.008	0.605	0.000	0.083
sad	0.315	0.001	0.012	0.009	0.550	0.000	0.113
sad	0.249	0.000	0.009	0.018	0.626	0.001	0.096
angry	0.505	0.000	0.008	0.017	0.293	0.001	0.176
angry	0.475	0.000	0.008	0.024	0.251	0.001	0.242
angry	0.566	0.000	0.007	0.018	0.210	0.001	0.198
angry	0.592	0.000	0.008	0.010	0.226	0.000	0.164
angry	0.436	0.001	0.008	0.016	0.332	0.000	0.208
angry	0.345	0.000	0.006	0.036	0.331	0.001	0.281
angry	0.461	0.001	0.008	0.023	0.309	0.001	0.197
angry	0.403	0.000	0.009	0.015	0.364	0.001	0.208
angry	0.443	0.000	0.008	0.014	0.345	0.000	0.189
angry	0.409	0.000	0.010	0.017	0.333	0.001	0.231
angry	0.409	0.000	0.007	0.020	0.290	0.001	0.273
sad	0.344	0.001	0.009	0.020	0.413	0.001	0.212
sad	0.303	0.000	0.006	0.024	0.490	0.001	0.176
angry	0.352	0.000	0.006	0.023	0.334	0.001	0.284
angry	0.361	0.000	0.006	0.027	0.347	0.001	0.259
angry	0.413	0.000	0.007	0.013	0.323	0.001	0.244
sad	0.319	0.001	0.008	0.024	0.395	0.001	0.252
angry	0.400	0.000	0.005	0.023	0.308	0.001	0.263
sad	0.310	0.000	0.008	0.020	0.332	0.001	0.329
angry	0.336	0.000	0.006	0.024	0.326	0.001	0.307
angry	0.370	0.000	0.007	0.021	0.366	0.001	0.236
angry	0.446	0.000	0.012	0.014	0.336	0.001	0.191
angry	0.523	0.001	0.007	0.022	0.269	0.001	0.179
angry	0.534	0.001	0.010	0.008	0.326	0.000	0.121
sad	0.321	0.001	0.005	0.035	0.352	0.000	0.286
angry	0.453	0.000	0.007	0.014	0.330	0.000	0.195
angry	0.412	0.001	0.007	0.033	0.322	0.001	0.224
sad	0.105	0.000	0.007	0.009	0.775	0.000	0.104
sad	0.225	0.001	0.011	0.009	0.669	0.000	0.085
sad	0.274	0.000	0.006	0.023	0.484	0.001	0.211
angry	0.544	0.001	0.012	0.006	0.346	0.000	0.091
angry	0.367	0.000	0.006	0.017	0.302	0.001	0.306
angry	0.369	0.000	0.006	0.018	0.323	0.001	0.284
angry	0.491	0.000	0.004	0.015	0.244	0.000	0.244
angry	0.577	0.000	0.012	0.006	0.304	0.000	0.101
angry	0.442	0.000	0.006	0.015	0.291	0.000	0.245
angry	0.434	0.000	0.006	0.018	0.280	0.000	0.261
angry	0.467	0.000	0.006	0.019	0.301	0.000	0.206
angry	0.404	0.000	0.004	0.018	0.263	0.001	0.310
angry	0.641	0.000	0.012	0.005	0.244	0.000	0.098
angry	0.647	0.000	0.013	0.003	0.273	0.000	0.063
angry	0.495	0.000	0.008	0.009	0.362	0.001	0.125
angry	0.417	0.000	0.007	0.024	0.300	0.001	0.252
angry	0.630	0.001	0.010	0.005	0.273	0.000	0.082
angry	0.578	0.000	0.008	0.008	0.227	0.000	0.177
angry	0.543	0.000	0.007	0.012	0.216	0.001	0.221
angry	0.480	0.001	0.006	0.021	0.284	0.000	0.209
angry	0.549	0.000	0.005	0.017	0.258	0.000	0.171
angry	0.453	0.001	0.007	0.033	0.316	0.000	0.191
angry	0.571	0.000	0.005	0.012	0.213	0.000	0.199
angry	0.404	0.001	0.007	0.024	0.357	0.000	0.207
angry	0.577	0.000	0.009	0.009	0.248	0.001	0.156
angry	0.558	0.000	0.007	0.017	0.261	0.000	0.156
angry	0.373	0.000	0.005	0.041	0.301	0.001	0.279
angry	0.515	0.000	0.007	0.024	0.248	0.001	0.206
angry	0.497	0.000	0.008	0.012	0.314	0.000	0.167
angry	0.594	0.000	0.009	0.006	0.284	0.000	0.106
angry	0.423	0.001	0.005	0.026	0.359	0.000	0.186
angry	0.380	0.000	0.006	0.022	0.290	0.001	0.300
angry	0.572	0.000	0.009	0.006	0.297	0.000	0.115
angry	0.604	0.000	0.011	0.004	0.309	0.001	0.071
angry	0.493	0.000	0.009	0.008	0.366	0.000	0.123
angry	0.394	0.000	0.005	0.026	0.278	0.001	0.296
sad	0.114	0.000	0.010	0.011	0.765	0.000	0.099
sad	0.084	0.000	0.009	0.021	0.739	0.000	0.146
sad	0.097	0.000	0.008	0.011	0.738	0.000	0.146
sad	0.280	0.000	0.010	0.022	0.509	0.001	0.178
angry	0.601	0.000	0.008	0.011	0.246	0.000	0.134
angry	0.435	0.000	0.006	0.018	0.269	0.000	0.271
angry	0.532	0.000	0.006	0.017	0.230	0.000	0.214
angry	0.530	0.000	0.005	0.019	0.265	0.000	0.180
angry	0.595	0.000	0.008	0.007	0.217	0.000	0.172
angry	0.419	0.000	0.007	0.033	0.323	0.001	0.217
angry	0.567	0.000	0.008	0.009	0.276	0.000	0.139
angry	0.612	0.000	0.007	0.009	0.190	0.000	0.181
angry	0.493	0.001	0.005	0.024	0.279	0.000	0.197
angry	0.565	0.000	0.007	0.024	0.272	0.000	0.132
angry	0.590	0.001	0.007	0.017	0.265	0.000	0.120
angry	0.450	0.001	0.006	0.022	0.310	0.000	0.210
angry	0.438	0.001	0.008	0.020	0.308	0.000	0.225
angry	0.688	0.002	0.007	0.006	0.218	0.000	0.078
angry	0.549	0.001	0.008	0.015	0.251	0.000	0.177
angry	0.610	0.001	0.006	0.016	0.254	0.000	0.113
angry	0.704	0.000	0.007	0.007	0.174	0.000	0.107
angry	0.625	0.001	0.008	0.008	0.205	0.000	0.153
angry	0.700	0.001	0.009	0.005	0.228	0.000	0.057
angry	0.449	0.001	0.007	0.021	0.295	0.000	0.227
angry	0.686	0.001	0.004	0.011	0.190	0.000	0.108
angry	0.535	0.002	0.005	0.019	0.317	0.000	0.122
angry	0.594	0.001	0.007	0.014	0.291	0.000	0.092
angry	0.494	0.000	0.006	0.015	0.237	0.000	0.247
angry	0.525	0.001	0.005	0.017	0.281	0.000	0.170
angry	0.668	0.000	0.005	0.008	0.160	0.000	0.158
sad	0.154	0.000	0.009	0.013	0.731	0.000	0.093
sad	0.356	0.001	0.008	0.009	0.490	0.001	0.136
sad	0.375	0.000	0.008	0.007	0.526	0.000	0.083
sad	0.193	0.000	0.017	0.001	0.684	0.000	0.105
sad	0.222	0.000	0.076	0.001	0.604	0.001	0.097
sad	0.062	0.000	0.088	0.001	0.690	0.005	0.154
sad	0.097	0.000	0.088	0.001	0.738	0.001	0.075
sad	0.138	0.000	0.056	0.001	0.762	0.000	0.044
sad	0.243	0.000	0.014	0.001	0.662	0.000	0.080
sad	0.124	0.000	0.004	0.001	0.629	0.000	0.241
sad	0.084	0.000	0.006	0.006	0.565	0.000	0.338
sad	0.131	0.000	0.005	0.019	0.495	0.001	0.348
sad	0.184	0.000	0.003	0.019	0.442	0.000	0.352
sad	0.189	0.000	0.004	0.026	0.538	0.001	0.243
sad	0.182	0.000	0.005	0.024	0.546	0.000	0.243
sad	0.139	0.000	0.003	0.024	0.572	0.000	0.261
sad	0.233	0.000	0.006	0.028	0.534	0.001	0.198
sad	0.193	0.000	0.004	0.030	0.556	0.000	0.217
sad	0.198	0.000	0.010	0.038	0.500	0.001	0.254
sad	0.237	0.000	0.006	0.042	0.457	0.001	0.258
sad	0.314	0.000	0.011	0.015	0.482	0.001	0.178
sad	0.206	0.000	0.005	0.021	0.535	0.000	0.233
sad	0.348	0.000	0.010	0.044	0.396	0.001	0.202
sad	0.354	0.000	0.005	0.021	0.466	0.000	0.154
sad	0.181	0.000	0.004	0.037	0.519	0.000	0.258
sad	0.163	0.000	0.010	0.044	0.538	0.001	0.244
sad	0.151	0.000	0.010	0.047	0.541	0.001	0.250
sad	0.196	0.000	0.010	0.043	0.513	0.000	0.239
sad	0.170	0.000	0.006	0.059	0.457	0.001	0.307
sad	0.129	0.000	0.007	0.034	0.463	0.001	0.367
sad	0.151	0.000	0.009	0.032	0.520	0.001	0.288
sad	0.195	0.000	0.009	0.033	0.431	0.001	0.332
sad	0.160	0.000	0.007	0.035	0.495	0.001	0.302
sad	0.220	0.000	0.008	0.016	0.585	0.000	0.171
sad	0.246	0.000	0.009	0.022	0.556	0.000	0.167
sad	0.241	0.000	0.010	0.039	0.457	0.001	0.253
sad	0.277	0.000	0.006	0.014	0.571	0.000	0.132
sad	0.171	0.000	0.006	0.044	0.512	0.001	0.267
sad	0.207	0.000	0.008	0.040	0.464	0.001	0.280
sad	0.204	0.000	0.006	0.029	0.497	0.001	0.264
sad	0.115	0.000	0.008	0.055	0.543	0.000	0.278
sad	0.168	0.000	0.007	0.033	0.493	0.001	0.297
sad	0.237	0.000	0.009	0.024	0.521	0.000	0.208
sad	0.345	0.000	0.007	0.025	0.453	0.001	0.170
sad	0.326	0.000	0.010	0.028	0.439	0.001	0.196
sad	0.305	0.000	0.008	0.020	0.511	0.000	0.154
sad	0.372	0.000	0.008	0.024	0.418	0.001	0.177
sad	0.393	0.000	0.009	0.027	0.437	0.000	0.134
angry	0.394	0.000	0.005	0.033	0.338	0.001	0.230
angry	0.428	0.000	0.008	0.033	0.349	0.001	0.181
angry	0.348	0.000	0.006	0.044	0.347	0.001	0.253
angry	0.429	0.000	0.007	0.028	0.362	0.001	0.173
angry	0.468	0.000	0.005	0.016	0.364	0.000	0.147
sad	0.239	0.000	0.006	0.033	0.499	0.001	0.222
sad	0.125	0.001	0.010	0.025	0.661	0.000	0.177
sad	0.358	0.000	0.012	0.025	0.466	0.001	0.139
sad	0.335	0.000	0.012	0.021	0.500	0.001	0.131
angry	0.403	0.000	0.006	0.019	0.388	0.000	0.182
sad	0.403	0.000	0.007	0.019	0.418	0.000	0.153
sad	0.343	0.000	0.010	0.030	0.442	0.001	0.175
sad	0.417	0.000	0.011	0.018	0.439	0.001	0.114
sad	0.354	0.000	0.014	0.017	0.474	0.001	0.140
angry	0.496	0.000	0.003	0.021	0.300	0.000	0.179
angry	0.407	0.000	0.006	0.029	0.391	0.000	0.166
angry	0.436	0.000	0.004	0.024	0.359	0.000	0.176
sad	0.407	0.000	0.007	0.018	0.461	0.000	0.106
sad	0.399	0.000	0.010	0.019	0.428	0.001	0.143
sad	0.402	0.000	0.005	0.025	0.429	0.001	0.137
angry	0.500	0.000	0.004	0.024	0.321	0.001	0.150
angry	0.488	0.000	0.006	0.024	0.299	0.001	0.183
sad	0.318	0.000	0.007	0.024	0.538	0.001	0.113
sad	0.307	0.000	0.008	0.025	0.531	0.001	0.129
sad	0.323	0.000	0.013	0.013	0.538	0.001	0.112
sad	0.343	0.000	0.013	0.014	0.521	0.001	0.108
sad	0.334	0.000	0.007	0.021	0.520	0.001	0.118
angry	0.421	0.000	0.007	0.024	0.375	0.001	0.172
sad	0.307	0.000	0.011	0.025	0.524	0.001	0.133
angry	0.426	0.000	0.005	0.036	0.344	0.001	0.188
angry	0.422	0.000	0.004	0.044	0.236	0.001	0.292
angry	0.498	0.000	0.004	0.013	0.351	0.000	0.133
angry	0.582	0.000	0.004	0.012	0.270	0.000	0.131
angry	0.498	0.000	0.003	0.020	0.287	0.000	0.191
angry	0.467	0.000	0.008	0.013	0.412	0.000	0.099
angry	0.466	0.000	0.005	0.019	0.368	0.000	0.142
sad	0.421	0.000	0.007	0.019	0.443	0.000	0.109
angry	0.471	0.000	0.004	0.029	0.359	0.000	0.137
sad	0.375	0.000	0.007	0.016	0.456	0.001	0.146
sad	0.312	0.000	0.009	0.018	0.548	0.001	0.112
sad	0.360	0.000	0.006	0.033	0.440	0.000	0.160
sad	0.296	0.000	0.008	0.020	0.540	0.001	0.135
sad	0.290	0.000	0.011	0.016	0.556	0.001	0.127
sad	0.400	0.000	0.010	0.031	0.407	0.000	0.151
angry	0.451	0.000	0.007	0.024	0.384	0.000	0.134
angry	0.452	0.000	0.005	0.029	0.326	0.001	0.186
angry	0.428	0.000	0.009	0.029	0.320	0.000	0.213
angry	0.407	0.000	0.005	0.037	0.325	0.001	0.225
angry	0.525	0.000	0.003	0.024	0.273	0.000	0.175
angry	0.424	0.000	0.008	0.022	0.386	0.000	0.160
sad	0.246	0.001	0.009	0.025	0.491	0.001	0.228
sad	0.199	0.000	0.007	0.014	0.624	0.000	0.154
sad	0.347	0.000	0.008	0.020	0.478	0.001	0.147
sad	0.337	0.000	0.012	0.016	0.498	0.001	0.136
sad	0.363	0.000	0.008	0.018	0.482	0.000	0.128
sad	0.330	0.000	0.013	0.024	0.486	0.001	0.145
sad	0.302	0.001	0.009	0.022	0.504	0.001	0.162
angry	0.417	0.000	0.006	0.030	0.376	0.000	0.170
sad	0.277	0.000	0.008	0.030	0.436	0.001	0.249
sad	0.358	0.000	0.013	0.020	0.473	0.001	0.135
sad	0.274	0.000	0.013	0.017	0.512	0.001	0.183
sad	0.346	0.000	0.011	0.018	0.500	0.000	0.125
sad	0.292	0.001	0.014	0.029	0.475	0.001	0.190
sad	0.254	0.000	0.013	0.026	0.522	0.001	0.185
sad	0.297	0.000	0.010	0.024	0.499	0.001	0.169
sad	0.267	0.000	0.023	0.029	0.496	0.001	0.184
sad	0.293	0.000	0.013	0.030	0.502	0.001	0.161
sad	0.291	0.000	0.016	0.023	0.513	0.000	0.156
sad	0.271	0.000	0.013	0.036	0.478	0.001	0.201
sad	0.353	0.000	0.011	0.018	0.496	0.001	0.121
sad	0.313	0.000	0.019	0.027	0.482	0.000	0.159
sad	0.349	0.000	0.016	0.015	0.461	0.001	0.158
sad	0.323	0.000	0.011	0.017	0.496	0.001	0.152
sad	0.258	0.000	0.012	0.011	0.606	0.000	0.112
