prediction	angry	disgust	fear	happy	sad	surprise	neutral
sad	0.113	0.001	0.038	0.063	0.412	0.004	0.369
neutral	0.154	0.000	0.020	0.090	0.298	0.006	0.431
sad	0.164	0.001	0.021	0.068	0.445	0.005	0.297
sad	0.157	0.000	0.018	0.052	0.443	0.007	0.323
neutral	0.135	0.001	0.022	0.081	0.321	0.006	0.434
neutral	0.161	0.000	0.030	0.305	0.175	0.011	0.318
neutral	0.105	0.001	0.021	0.061	0.312	0.006	0.494
neutral	0.166	0.001	0.023	0.019	0.308	0.004	0.479
neutral	0.111	0.001	0.018	0.046	0.313	0.005	0.506
neutral	0.087	0.000	0.015	0.046	0.367	0.005	0.479
neutral	0.162	0.000	0.024	0.038	0.330	0.002	0.444
neutral	0.105	0.000	0.011	0.026	0.206	0.003	0.648
neutral	0.087	0.000	0.017	0.080	0.225	0.003	0.587
neutral	0.144	0.001	0.020	0.027	0.349	0.005	0.454
neutral	0.162	0.000	0.030	0.172	0.278	0.008	0.350
neutral	0.132	0.000	0.017	0.096	0.225	0.006	0.523
neutral	0.127	0.000	0.012	0.064	0.331	0.008	0.458
neutral	0.147	0.001	0.024	0.040	0.317	0.003	0.468
neutral	0.060	0.000	0.011	0.021	0.291	0.009	0.609
neutral	0.111	0.000	0.017	0.037	0.234	0.005	0.595
neutral	0.135	0.001	0.012	0.014	0.304	0.002	0.532
neutral	0.135	0.000	0.008	0.045	0.277	0.003	0.532
neutral	0.114	0.000	0.015	0.023	0.352	0.002	0.494
sad	0.129	0.000	0.044	0.054	0.396	0.002	0.375
neutral	0.111	0.000	0.035	0.093	0.360	0.003	0.398
sad	0.133	0.000	0.054	0.060	0.412	0.002	0.339
neutral	0.112	0.000	0.033	0.017	0.245	0.003	0.590
neutral	0.057	0.000	0.017	0.016	0.214	0.003	0.693
neutral	0.044	0.000	0.014	0.016	0.159	0.002	0.765
neutral	0.094	0.000	0.015	0.015	0.385	0.003	0.487
neutral	0.049	0.000	0.018	0.015	0.160	0.002	0.757
neutral	0.101	0.000	0.027	0.014	0.388	0.007	0.462
neutral	0.058	0.000	0.013	0.014	0.154	0.002	0.759
neutral	0.051	0.000	0.025	0.108	0.124	0.004	0.688
neutral	0.021	0.000	0.010	0.292	0.145	0.007	0.525
happy	0.008	0.000	0.005	0.488	0.058	0.004	0.437
happy	0.002	0.000	0.001	0.867	0.006	0.002	0.123
happy	0.000	0.000	0.000	0.918	0.002	0.001	0.078
happy	0.000	0.000	0.000	0.977	0.001	0.001	0.021
happy	0.000	0.000	0.000	0.993	0.000	0.004	0.003
happy	0.000	0.000	0.000	0.992	0.001	0.002	0.005
happy	0.000	0.000	0.000	0.991	0.000	0.004	0.004
happy	0.000	0.000	0.000	0.987	0.001	0.008	0.003
happy	0.001	0.000	0.000	0.987	0.002	0.002	0.008
happy	0.004	0.000	0.001	0.962	0.009	0.009	0.016
happy	0.009	0.000	0.002	0.939	0.011	0.021	0.018
happy	0.000	0.000	0.000	0.992	0.000	0.003	0.003
happy	0.001	0.000	0.001	0.985	0.002	0.003	0.008
happy	0.001	0.000	0.000	0.979	0.001	0.008	0.011
happy	0.002	0.000	0.002	0.934	0.006	0.011	0.043
happy	0.001	0.000	0.001	0.938	0.005	0.004	0.051
happy	0.004	0.000	0.001	0.903	0.015	0.004	0.073
happy	0.010	0.000	0.003	0.826	0.027	0.008	0.126
happy	0.006	0.000	0.003	0.774	0.035	0.007	0.174
happy	0.004	0.000	0.001	0.724	0.026	0.001	0.243
happy	0.012	0.000	0.005	0.782	0.054	0.005	0.142
happy	0.011	0.000	0.007	0.706	0.039	0.005	0.231
happy	0.013	0.000	0.005	0.647	0.044	0.004	0.287
happy	0.017	0.000	0.020	0.432	0.137	0.004	0.390
happy	0.017	0.000	0.010	0.492	0.097	0.007	0.377
happy	0.008	0.000	0.004	0.602	0.048	0.002	0.337
happy	0.026	0.000	0.007	0.570	0.079	0.003	0.315
happy	0.013	0.000	0.006	0.573	0.065	0.002	0.341
happy	0.015	0.000	0.008	0.556	0.079	0.002	0.341
neutral	0.023	0.000	0.008	0.193	0.161	0.001	0.614
neutral	0.024	0.000	0.019	0.332	0.170	0.003	0.451
neutral	0.025	0.000	0.029	0.281	0.205	0.005	0.455
neutral	0.037	0.000	0.007	0.257	0.133	0.001	0.565
neutral	0.019	0.000	0.010	0.171	0.098	0.001	0.700
neutral	0.026	0.000	0.016	0.379	0.177	0.003	0.398
neutral	0.024	0.000	0.028	0.091	0.244	0.002	0.611
neutral	0.034	0.000	0.012	0.344	0.108	0.002	0.501
neutral	0.029	0.000	0.022	0.163	0.219	0.002	0.565
neutral	0.025	0.000	0.014	0.318	0.126	0.003	0.514
neutral	0.026	0.000	0.012	0.143	0.105	0.004	0.711
neutral	0.038	0.000	0.013	0.049	0.132	0.002	0.766
neutral	0.023	0.000	0.012	0.055	0.184	0.001	0.726
neutral	0.024	0.000	0.020	0.036	0.213	0.001	0.706
neutral	0.022	0.000	0.018	0.040	0.231	0.001	0.688
neutral	0.039	0.000	0.017	0.151	0.164	0.005	0.624
neutral	0.023	0.000	0.018	0.102	0.188	0.002	0.666
neutral	0.033	0.000	0.011	0.095	0.140	0.001	0.720
neutral	0.039	0.000	0.019	0.036	0.239	0.001	0.667
neutral	0.019	0.000	0.013	0.069	0.147	0.001	0.751
neutral	0.042	0.000	0.020	0.104	0.192	0.002	0.641
neutral	0.060	0.000	0.013	0.154	0.171	0.002	0.600
neutral	0.030	0.000	0.035	0.136	0.286	0.008	0.504
neutral	0.043	0.000	0.017	0.141	0.187	0.005	0.607
neutral	0.048	0.000	0.021	0.074	0.206	0.002	0.650
neutral	0.037	0.000	0.022	0.059	0.219	0.001	0.662
neutral	0.039	0.000	0.019	0.061	0.192	0.001	0.688
neutral	0.047	0.000	0.012	0.118	0.173	0.002	0.648
neutral	0.022	0.000	0.013	0.048	0.170	0.001	0.746
neutral	0.030	0.000	0.014	0.028	0.128	0.001	0.799
neutral	0.025	0.000	0.017	0.038	0.185	0.001	0.734
neutral	0.041	0.000	0.018	0.038	0.218	0.001	0.685
neutral	0.030	0.000	0.012	0.062	0.132	0.002	0.761
neutral	0.038	0.000	0.027	0.066	0.223	0.002	0.644
neutral	0.047	0.000	0.020	0.051	0.234	0.001	0.646
neutral	0.043	0.000	0.019	0.022	0.175	0.001	0.740
neutral	0.024	0.000	0.020	0.033	0.149	0.001	0.772
neutral	0.046	0.000	0.022	0.038	0.226	0.001	0.667
neutral	0.028	0.000	0.016	0.074	0.172	0.003	0.707
neutral	0.030	0.000	0.019	0.140	0.160	0.003	0.648
neutral	0.029	0.000	0.013	0.069	0.166	0.002	0.721
neutral	0.030	0.000	0.010	0.056	0.161	0.002	0.741
neutral	0.028	0.000	0.018	0.141	0.161	0.002	0.651
neutral	0.029	0.000	0.017	0.122	0.169	0.002	0.662
neutral	0.070	0.000	0.023	0.145	0.162	0.004	0.596
neutral	0.039	0.000	0.013	0.062	0.150	0.002	0.734
neutral	0.039	0.000	0.013	0.106	0.152	0.002	0.688
neutral	0.045	0.000	0.031	0.141	0.187	0.005	0.591
neutral	0.049	0.000	0.014	0.115	0.164	0.002	0.656
neutral	0.043	0.000	0.028	0.139	0.190	0.005	0.596
neutral	0.029	0.000	0.014	0.136	0.129	0.002	0.689
neutral	0.037	0.000	0.010	0.076	0.121	0.002	0.754
neutral	0.033	0.000	0.019	0.050	0.100	0.003	0.795
neutral	0.037	0.000	0.022	0.175	0.160	0.005	0.602
neutral	0.034	0.000	0.015	0.178	0.138	0.003	0.632
neutral	0.033	0.000	0.015	0.128	0.104	0.006	0.714
neutral	0.048	0.000	0.021	0.073	0.118	0.005	0.734
neutral	0.041	0.000	0.017	0.106	0.165	0.003	0.669
neutral	0.088	0.000	0.021	0.070	0.230	0.008	0.583
neutral	0.039	0.000	0.031	0.132	0.175	0.003	0.620
neutral	0.040	0.000	0.020	0.200	0.118	0.008	0.614
neutral	0.029	0.000	0.019	0.187	0.148	0.003	0.613
neutral	0.034	0.000	0.017	0.079	0.140	0.002	0.728
neutral	0.037	0.000	0.020	0.062	0.154	0.001	0.726
neutral	0.049	0.000	0.014	0.037	0.143	0.001	0.755
neutral	0.051	0.000	0.015	0.062	0.175	0.002	0.695
neutral	0.058	0.000	0.022	0.079	0.215	0.002	0.623
neutral	0.034	0.000	0.016	0.033	0.146	0.002	0.769
neutral	0.059	0.000	0.018	0.154	0.168	0.009	0.593
neutral	0.015	0.000	0.009	0.054	0.100	0.001	0.820
neutral	0.042	0.000	0.018	0.109	0.138	0.003	0.689
neutral	0.024	0.000	0.023	0.048	0.109	0.002	0.794
neutral	0.040	0.000	0.013	0.051	0.175	0.002	0.720
neutral	0.025	0.000	0.012	0.132	0.103	0.004	0.724
neutral	0.041	0.000	0.013	0.064	0.147	0.002	0.733
neutral	0.057	0.000	0.015	0.143	0.136	0.008	0.641
neutral	0.066	0.000	0.014	0.054	0.172	0.001	0.693
neutral	0.033	0.000	0.009	0.094	0.100	0.002	0.762
neutral	0.022	0.000	0.009	0.102	0.111	0.002	0.754
neutral	0.036	0.000	0.014	0.074	0.149	0.002	0.724
neutral	0.046	0.000	0.018	0.080	0.148	0.003	0.704
neutral	0.042	0.000	0.012	0.088	0.130	0.003	0.724
neutral	0.027	0.000	0.011	0.079	0.078	0.002	0.802
neutral	0.043	0.000	0.016	0.133	0.171	0.003	0.634
neutral	0.037	0.000	0.015	0.090	0.133	0.002	0.723
neutral	0.047	0.000	0.020	0.051	0.113	0.003	0.766
neutral	0.038	0.000	0.017	0.152	0.159	0.005	0.628
neutral	0.052	0.000	0.016	0.039	0.152	0.001	0.741
neutral	0.053	0.000	0.022	0.147	0.149	0.007	0.623
neutral	0.064	0.000	0.014	0.038	0.184	0.001	0.698
neutral	0.044	0.000	0.017	0.122	0.143	0.004	0.670
neutral	0.038	0.000	0.010	0.055	0.105	0.002	0.791
neutral	0.052	0.000	0.021	0.142	0.145	0.007	0.633
neutral	0.041	0.000	0.020	0.182	0.146	0.004	0.606
neutral	0.069	0.000	0.024	0.085	0.227	0.003	0.593
neutral	0.051	0.000	0.012	0.046	0.174	0.002	0.715
neutral	0.047	0.000	0.010	0.135	0.100	0.005	0.703
neutral	0.055	0.000	0.018	0.083	0.235	0.002	0.607
neutral	0.035	0.000	0.017	0.137	0.152	0.003	0.655
neutral	0.040	0.000	0.018	0.157	0.167	0.004	0.613
neutral	0.043	0.000	0.019	0.052	0.189	0.003	0.694
neutral	0.058	0.000	0.028	0.099	0.261	0.004	0.550
neutral	0.032	0.000	0.027	0.058	0.187	0.002	0.693
neutral	0.046	0.000	0.015	0.048	0.196	0.002	0.693
neutral	0.054	0.000	0.019	0.073	0.183	0.003	0.668
neutral	0.070	0.000	0.025	0.074	0.218	0.003	0.609
neutral	0.042	0.000	0.016	0.182	0.144	0.004	0.611
neutral	0.041	0.000	0.012	0.054	0.147	0.002	0.743
neutral	0.045	0.000	0.018	0.107	0.148	0.004	0.677
neutral	0.034	0.000	0.014	0.109	0.139	0.004	0.701
neutral	0.035	0.000	0.012	0.219	0.133	0.004	0.597
neutral	0.035	0.001	0.024	0.078	0.181	0.002	0.679
neutral	0.086	0.000	0.024	0.126	0.297	0.003	0.463
neutral	0.047	0.000	0.013	0.106	0.147	0.003	0.683
neutral	0.039	0.000	0.017	0.113	0.149	0.004	0.678
neutral	0.036	0.000	0.017	0.096	0.163	0.004	0.684
neutral	0.055	0.000	0.024	0.118	0.235	0.002	0.565
neutral	0.047	0.000	0.016	0.126	0.120	0.004	0.687
neutral	0.061	0.000	0.017	0.102	0.206	0.007	0.607
neutral	0.050	0.000	0.018	0.058	0.222	0.002	0.650
neutral	0.051	0.000	0.021	0.050	0.225	0.003	0.649
neutral	0.052	0.000	0.013	0.067	0.145	0.001	0.722
neutral	0.049	0.000	0.022	0.049	0.220	0.004	0.656
neutral	0.029	0.000	0.011	0.078	0.119	0.001	0.762
neutral	0.035	0.000	0.016	0.084	0.141	0.002	0.723
neutral	0.070	0.000	0.015	0.072	0.236	0.002	0.605
neutral	0.060	0.000	0.017	0.142	0.213	0.003	0.565
neutral	0.044	0.000	0.024	0.075	0.199	0.002	0.657
neutral	0.084	0.000	0.021	0.148	0.260	0.006	0.482
neutral	0.053	0.000	0.012	0.070	0.182	0.002	0.681
neutral	0.080	0.000	0.022	0.143	0.194	0.006	0.555
neutral	0.055	0.000	0.029	0.119	0.266	0.002	0.529
neutral	0.046	0.000	0.032	0.056	0.196	0.002	0.670
neutral	0.074	0.000	0.024	0.102	0.207	0.003	0.590
neutral	0.074	0.000	0.025	0.117	0.186	0.003	0.595
neutral	0.040	0.000	0.025	0.061	0.181	0.001	0.691
neutral	0.048	0.000	0.018	0.111	0.170	0.002	0.651
neutral	0.056	0.000	0.019	0.089	0.203	0.002	0.631
neutral	0.072	0.000	0.020	0.073	0.260	0.002	0.571
neutral	0.048	0.000	0.012	0.136	0.200	0.004	0.600
neutral	0.058	0.000	0.011	0.055	0.191	0.002	0.685
neutral	0.050	0.000	0.018	0.063	0.203	0.001	0.665
neutral	0.129	0.000	0.018	0.134	0.240	0.007	0.471
neutral	0.149	0.000	0.023	0.210	0.265	0.010	0.343
neutral	0.062	0.000	0.018	0.148	0.185	0.004	0.583
neutral	0.079	0.000	0.018	0.036	0.223	0.001	0.643
neutral	0.055	0.000	0.013	0.078	0.185	0.002	0.668
neutral	0.113	0.000	0.016	0.099	0.256	0.004	0.512
neutral	0.055	0.000	0.008	0.054	0.144	0.001	0.738
neutral	0.056	0.000	0.009	0.081	0.150	0.002	0.702
neutral	0.069	0.000	0.013	0.107	0.241	0.003	0.568
neutral	0.062	0.000	0.013	0.066	0.230	0.002	0.627
neutral	0.046	0.000	0.013	0.075	0.180	0.001	0.684
neutral	0.079	0.000	0.019	0.066	0.259	0.002	0.575
neutral	0.077	0.000	0.017	0.055	0.243	0.002	0.606
neutral	0.056	0.000	0.013	0.082	0.218	0.002	0.629
neutral	0.095	0.000	0.022	0.124	0.235	0.006	0.517
neutral	0.061	0.000	0.013	0.090	0.184	0.002	0.649
neutral	0.150	0.000	0.032	0.077	0.226	0.005	0.510
neutral	0.081	0.000	0.029	0.072	0.316	0.002	0.499
neutral	0.098	0.000	0.025	0.103	0.279	0.004	0.491
neutral	0.174	0.000	0.054	0.050	0.291	0.003	0.428
neutral	0.093	0.000	0.012	0.114	0.251	0.004	0.526
neutral	0.049	0.000	0.015	0.075	0.207	0.001	0.652
neutral	0.068	0.000	0.030	0.037	0.327	0.001	0.537
neutral	0.091	0.000	0.034	0.036	0.319	0.002	0.518
neutral	0.083	0.000	0.025	0.057	0.320	0.002	0.512
neutral	0.112	0.000	0.026	0.084	0.268	0.003	0.507
neutral	0.104	0.000	0.056	0.038	0.392	0.002	0.408
neutral	0.138	0.000	0.056	0.050	0.345	0.002	0.409
neutral	0.099	0.000	0.020	0.056	0.227	0.002	0.595
neutral	0.085	0.000	0.026	0.079	0.264	0.003	0.543
neutral	0.089	0.000	0.023	0.088	0.271	0.003	0.526
neutral	0.103	0.000	0.019	0.103	0.227	0.006	0.542
neutral	0.067	0.000	0.027	0.067	0.341	0.002	0.496
neutral	0.067	0.000	0.011	0.057	0.164	0.001	0.700
neutral	0.071	0.000	0.018	0.048	0.268	0.001	0.594
neutral	0.100	0.000	0.019	0.145	0.204	0.007	0.524
neutral	0.094	0.000	0.020	0.058	0.264	0.002	0.563
neutral	0.081	0.000	0.008	0.085	0.142	0.001	0.683
neutral	0.100	0.000	0.020	0.108	0.238	0.005	0.529
neutral	0.132	0.000	0.029	0.074	0.214	0.004	0.547
neutral	0.069	0.000	0.007	0.084	0.148	0.002	0.691
neutral	0.088	0.000	0.021	0.045	0.319	0.001	0.526
neutral	0.115	0.001	0.012	0.064	0.211	0.002	0.595
neutral	0.086	0.000	0.014	0.067	0.181	0.002	0.650
neutral	0.061	0.001	0.010	0.090	0.243	0.002	0.594
neutral	0.055	0.000	0.008	0.079	0.167	0.001	0.689
neutral	0.070	0.000	0.009	0.100	0.153	0.002	0.665
neutral	0.069	0.000	0.009	0.092	0.177	0.001	0.652
neutral	0.068	0.000	0.007	0.084	0.151	0.001	0.688
neutral	0.067	0.000	0.004	0.056	0.102	0.001	0.769
neutral	0.055	0.000	0.008	0.123	0.225	0.002	0.587
neutral	0.073	0.001	0.021	0.046	0.304	0.001	0.555
neutral	0.070	0.001	0.013	0.077	0.212	0.001	0.626
neutral	0.109	0.000	0.016	0.120	0.252	0.008	0.494
neutral	0.100	0.000	0.015	0.085	0.253	0.006	0.540
neutral	0.090	0.000	0.012	0.180	0.217	0.004	0.497
neutral	0.086	0.000	0.008	0.143	0.153	0.002	0.608
neutral	0.147	0.000	0.025	0.064	0.242	0.003	0.518
neutral	0.098	0.000	0.028	0.052	0.310	0.002	0.510
neutral	0.102	0.000	0.007	0.082	0.169	0.001	0.638
neutral	0.098	0.000	0.013	0.095	0.234	0.003	0.557
neutral	0.105	0.000	0.011	0.131	0.201	0.004	0.548
neutral	0.135	0.000	0.010	0.094	0.263	0.003	0.495
neutral	0.116	0.000	0.021	0.024	0.355	0.001	0.482
neutral	0.104	0.000	0.008	0.095	0.204	0.003	0.585
neutral	0.103	0.001	0.009	0.071	0.221	0.001	0.594
neutral	0.108	0.001	0.009	0.061	0.219	0.001	0.601
neutral	0.083	0.000	0.010	0.099	0.201	0.004	0.603
neutral	0.104	0.000	0.014	0.082	0.283	0.002	0.514
neutral	0.113	0.000	0.016	0.179	0.269	0.006	0.418
neutral	0.109	0.000	0.010	0.162	0.218	0.003	0.499
neutral	0.085	0.000	0.012	0.101	0.281	0.002	0.519
neutral	0.058	0.000	0.016	0.240	0.212	0.004	0.469
neutral	0.143	0.000	0.021	0.071	0.286	0.005	0.475
neutral	0.148	0.000	0.015	0.102	0.306	0.005	0.424
neutral	0.046	0.000	0.010	0.045	0.274	0.001	0.623
neutral	0.106	0.000	0.023	0.095	0.329	0.003	0.443
neutral	0.102	0.001	0.013	0.075	0.279	0.002	0.528
neutral	0.131	0.000	0.017	0.070	0.302	0.004	0.475
neutral	0.100	0.000	0.012	0.142	0.230	0.005	0.511
neutral	0.117	0.000	0.020	0.162	0.244	0.004	0.453
neutral	0.096	0.000	0.018	0.291	0.172	0.003	0.420
neutral	0.070	0.000	0.011	0.044	0.267	0.001	0.607
neutral	0.135	0.000	0.020	0.128	0.317	0.005	0.395
neutral	0.094	0.000	0.020	0.169	0.234	0.006	0.477
neutral	0.110	0.000	0.011	0.138	0.240	0.005	0.496
neutral	0.110	0.000	0.015	0.125	0.248	0.005	0.497
neutral	0.107	0.000	0.023	0.144	0.237	0.004	0.484
neutral	0.139	0.000	0.018	0.128	0.267	0.004	0.444
neutral	0.069	0.001	0.018	0.178	0.209	0.005	0.520
neutral	0.138	0.000	0.032	0.087	0.304	0.004	0.435
neutral	0.132	0.000	0.018	0.081	0.285	0.005	0.479
neutral	0.102	0.000	0.013	0.075	0.227	0.002	0.580
neutral	0.114	0.000	0.014	0.102	0.238	0.005	0.528
neutral	0.140	0.000	0.017	0.128	0.263	0.007	0.443
neutral	0.120	0.000	0.013	0.104	0.240	0.004	0.519
neutral	0.190	0.000	0.017	0.049	0.289	0.004	0.451
sad	0.172	0.000	0.024	0.047	0.377	0.003	0.376
neutral	0.105	0.000	0.011	0.093	0.213	0.003	0.575
neutral	0.089	0.000	0.015	0.130	0.217	0.005	0.545
neutral	0.117	0.001	0.034	0.058	0.331	0.004	0.455
neutral	0.146	0.000	0.022	0.124	0.292	0.007	0.410
neutral	0.094	0.000	0.007	0.134	0.201	0.002	0.563
neutral	0.121	0.000	0.010	0.100	0.221	0.003	0.544
neutral	0.164	0.000	0.014	0.090	0.237	0.004	0.490
neutral	0.084	0.000	0.010	0.067	0.233	0.003	0.604
neutral	0.198	0.000	0.021	0.067	0.289	0.004	0.421
neutral	0.122	0.000	0.013	0.143	0.246	0.003	0.472
neutral	0.100	0.000	0.024	0.051	0.288	0.003	0.534
neutral	0.127	0.000	0.015	0.081	0.265	0.003	0.509
neutral	0.103	0.000	0.009	0.077	0.229	0.002	0.579
neutral	0.123	0.000	0.029	0.056	0.292	0.003	0.496
neutral	0.094	0.001	0.024	0.049	0.323	0.001	0.508
neutral	0.125	0.000	0.021	0.058	0.276	0.003	0.517
neutral	0.074	0.001	0.013	0.066	0.242	0.001	0.602
neutral	0.145	0.000	0.029	0.058	0.338	0.003	0.426
neutral	0.078	0.001	0.013	0.051	0.270	0.001	0.586
neutral	0.074	0.001	0.015	0.060	0.275	0.001	0.575
neutral	0.144	0.000	0.012	0.126	0.235	0.002	0.481
neutral	0.135	0.000	0.017	0.153	0.267	0.009	0.418
neutral	0.143	0.000	0.020	0.126	0.316	0.007	0.387
neutral	0.081	0.001	0.041	0.101	0.340	0.004	0.432
neutral	0.152	0.000	0.027	0.097	0.291	0.005	0.428
neutral	0.118	0.000	0.016	0.101	0.278	0.005	0.482
neutral	0.185	0.000	0.014	0.112	0.242	0.006	0.441
neutral	0.144	0.000	0.016	0.120	0.287	0.004	0.429
neutral	0.164	0.000	0.014	0.096	0.300	0.005	0.422
neutral	0.178	0.000	0.017	0.078	0.311	0.007	0.409
neutral	0.159	0.000	0.012	0.124	0.267	0.004	0.433
neutral	0.062	0.001	0.015	0.064	0.224	0.002	0.632
neutral	0.175	0.000	0.015	0.063	0.303	0.004	0.440
sad	0.147	0.000	0.036	0.035	0.468	0.002	0.310
neutral	0.144	0.000	0.016	0.144	0.257	0.008	0.431
sad	0.207	0.000	0.021	0.070	0.350	0.006	0.346
neutral	0.155	0.000	0.027	0.054	0.293	0.003	0.468
neutral	0.129	0.000	0.010	0.124	0.258	0.002	0.476
neutral	0.121	0.000	0.022	0.039	0.341	0.002	0.475
neutral	0.121	0.000	0.014	0.052	0.306	0.001	0.506
sad	0.202	0.000	0.036	0.028	0.384	0.003	0.346
neutral	0.093	0.001	0.015	0.052	0.267	0.002	0.569
sad	0.107	0.000	0.031	0.045	0.441	0.003	0.373
neutral	0.155	0.000	0.020	0.071	0.261	0.006	0.487
neutral	0.095	0.001	0.017	0.029	0.304	0.001	0.553
neutral	0.068	0.000	0.025	0.132	0.276	0.002	0.496
neutral	0.157	0.000	0.019	0.068	0.367	0.002	0.387
sad	0.163	0.000	0.018	0.061	0.382	0.002	0.374
neutral	0.125	0.000	0.011	0.072	0.224	0.001	0.566
neutral	0.086	0.000	0.023	0.104	0.244	0.002	0.542
neutral	0.153	0.000	0.028	0.067	0.286	0.003	0.463
neutral	0.101	0.000	0.025	0.122	0.281	0.005	0.466
neutral	0.166	0.000	0.018	0.097	0.245	0.007	0.466
neutral	0.160	0.000	0.025	0.055	0.325	0.003	0.432
neutral	0.098	0.001	0.013	0.072	0.218	0.002	0.597
neutral	0.066	0.000	0.023	0.073	0.261	0.002	0.575
neutral	0.243	0.000	0.010	0.050	0.202	0.001	0.493
neutral	0.162	0.000	0.018	0.117	0.318	0.009	0.375
neutral	0.128	0.000	0.025	0.091	0.312	0.004	0.439
neutral	0.115	0.001	0.018	0.074	0.222	0.001	0.569
neutral	0.100	0.000	0.016	0.102	0.187	0.001	0.594
neutral	0.163	0.000	0.018	0.097	0.312	0.007	0.403
neutral	0.104	0.001	0.012	0.079	0.187	0.002	0.616
neutral	0.136	0.001	0.011	0.085	0.235	0.003	0.530
neutral	0.123	0.000	0.026	0.110	0.318	0.008	0.414
neutral	0.122	0.000	0.023	0.102	0.249	0.002	0.502
neutral	0.090	0.000	0.032	0.182	0.224	0.004	0.468
neutral	0.099	0.000	0.027	0.209	0.204	0.002	0.459
neutral	0.082	0.000	0.023	0.070	0.266	0.001	0.558
neutral	0.179	0.000	0.014	0.119	0.231	0.002	0.453
neutral	0.185	0.000	0.018	0.061	0.264	0.002	0.469
neutral	0.135	0.000	0.020	0.180	0.211	0.003	0.451
neutral	0.130	0.001	0.017	0.139	0.193	0.003	0.517
neutral	0.141	0.001	0.018	0.160	0.177	0.004	0.500
neutral	0.097	0.000	0.022	0.274	0.177	0.005	0.424
neutral	0.059	0.000	0.012	0.101	0.158	0.001	0.669
neutral	0.084	0.000	0.022	0.185	0.193	0.002	0.514
neutral	0.065	0.000	0.029	0.140	0.200	0.002	0.563
neutral	0.137	0.000	0.020	0.200	0.206	0.003	0.432
neutral	0.101	0.000	0.013	0.234	0.182	0.004	0.466
happy	0.072	0.000	0.022	0.411	0.160	0.006	0.330
happy	0.084	0.000	0.030	0.389	0.173	0.006	0.317
neutral	0.069	0.000	0.022	0.261	0.129	0.003	0.517
neutral	0.080	0.000	0.023	0.309	0.173	0.003	0.412
happy	0.068	0.000	0.023	0.387	0.157	0.003	0.361
neutral	0.080	0.000	0.015	0.351	0.121	0.003	0.430
neutral	0.086	0.000	0.020	0.154	0.171	0.002	0.567
neutral	0.063	0.000	0.022	0.348	0.143	0.004	0.420
neutral	0.068	0.000	0.016	0.141	0.163	0.001	0.611
neutral	0.073	0.000	0.007	0.127	0.148	0.002	0.642
neutral	0.078	0.000	0.015	0.235	0.151	0.004	0.517
neutral	0.080	0.000	0.009	0.132	0.174	0.003	0.602
neutral	0.081	0.000	0.015	0.082	0.246	0.003	0.572
neutral	0.108	0.001	0.007	0.117	0.155	0.002	0.610
neutral	0.153	0.000	0.014	0.115	0.215	0.005	0.499
neutral	0.082	0.000	0.012	0.093	0.192	0.001	0.618
neutral	0.104	0.000	0.012	0.273	0.162	0.003	0.446
neutral	0.126	0.000	0.009	0.125	0.185	0.001	0.553
neutral	0.090	0.000	0.011	0.201	0.086	0.002	0.610
neutral	0.085	0.000	0.009	0.200	0.168	0.003	0.535
neutral	0.089	0.000	0.015	0.194	0.152	0.003	0.547
neutral	0.082	0.000	0.010	0.144	0.175	0.003	0.586
neutral	0.092	0.000	0.017	0.179	0.175	0.003	0.534
neutral	0.129	0.000	0.011	0.167	0.177	0.003	0.514
neutral	0.070	0.000	0.011	0.104	0.157	0.001	0.656
neutral	0.050	0.000	0.022	0.315	0.170	0.004	0.439
neutral	0.097	0.000	0.008	0.108	0.167	0.003	0.617
neutral	0.086	0.000	0.006	0.228	0.179	0.004	0.495
neutral	0.070	0.000	0.006	0.170	0.154	0.002	0.598
neutral	0.071	0.000	0.009	0.212	0.184	0.003	0.522
neutral	0.125	0.000	0.011	0.186	0.182	0.003	0.492
neutral	0.075	0.000	0.019	0.309	0.158	0.003	0.436
neutral	0.117	0.000	0.014	0.159	0.195	0.003	0.512
neutral	0.116	0.000	0.012	0.147	0.170	0.002	0.553
neutral	0.077	0.000	0.005	0.116	0.250	0.002	0.549
neutral	0.128	0.000	0.013	0.148	0.251	0.004	0.455
neutral	0.163	0.000	0.026	0.084	0.273	0.002	0.452
neutral	0.136	0.000	0.016	0.129	0.271	0.004	0.443
neutral	0.070	0.000	0.006	0.216	0.168	0.004	0.536
neutral	0.103	0.000	0.024	0.074	0.261	0.002	0.535
neutral	0.061	0.000	0.014	0.375	0.165	0.004	0.381
neutral	0.133	0.000	0.019	0.083	0.241	0.002	0.521
neutral	0.072	0.000	0.009	0.132	0.203	0.003	0.580
happy	0.112	0.000	0.033	0.307	0.245	0.008	0.295
neutral	0.088	0.000	0.009	0.117	0.159	0.003	0.624
neutral	0.102	0.000	0.006	0.156	0.223	0.003	0.510
neutral	0.095	0.000	0.014	0.263	0.182	0.008	0.439
neutral	0.110	0.000	0.016	0.275	0.179	0.008	0.411
neutral	0.121	0.000	0.012	0.109	0.206	0.003	0.549
neutral	0.115	0.000	0.012	0.177	0.195	0.005	0.495
neutral	0.112	0.000	0.012	0.148	0.228	0.003	0.496
neutral	0.089	0.000	0.012	0.129	0.242	0.003	0.525
neutral	0.094	0.000	0.018	0.065	0.249	0.002	0.571
neutral	0.085	0.000	0.022	0.266	0.195	0.003	0.428
neutral	0.147	0.000	0.019	0.066	0.262	0.001	0.505
neutral	0.090	0.000	0.014	0.162	0.173	0.002	0.558
neutral	0.146	0.000	0.043	0.079	0.266	0.003	0.464
neutral	0.069	0.000	0.008	0.166	0.172	0.003	0.582
neutral	0.134	0.000	0.023	0.227	0.213	0.007	0.397
neutral	0.133	0.000	0.036	0.049	0.300	0.002	0.481
neutral	0.075	0.000	0.005	0.177	0.227	0.002	0.514
neutral	0.107	0.000	0.012	0.101	0.308	0.001	0.472
neutral	0.115	0.000	0.012	0.200	0.238	0.005	0.429
neutral	0.114	0.000	0.018	0.084	0.304	0.002	0.478
neutral	0.117	0.000	0.011	0.091	0.327	0.002	0.452
neutral	0.132	0.000	0.007	0.118	0.268	0.002	0.472
neutral	0.176	0.000	0.016	0.121	0.235	0.003	0.449
neutral	0.107	0.000	0.014	0.280	0.187	0.007	0.405
neutral	0.132	0.000	0.015	0.169	0.208	0.003	0.473
neutral	0.138	0.000	0.013	0.143	0.261	0.005	0.440
neutral	0.123	0.001	0.012	0.147	0.283	0.004	0.431
neutral	0.148	0.000	0.007	0.122	0.238	0.003	0.482
neutral	0.116	0.000	0.005	0.165	0.181	0.004	0.528
neutral	0.121	0.000	0.015	0.039	0.274	0.001	0.550
neutral	0.099	0.000	0.012	0.172	0.176	0.003	0.538
neutral	0.120	0.000	0.012	0.208	0.174	0.005	0.480
neutral	0.091	0.000	0.024	0.076	0.221	0.002	0.585
happy	0.086	0.000	0.022	0.412	0.179	0.009	0.293
neutral	0.104	0.000	0.017	0.173	0.239	0.005	0.462
neutral	0.098	0.000	0.005	0.182	0.212	0.002	0.500
neutral	0.108	0.000	0.016	0.153	0.215	0.004	0.504
neutral	0.106	0.000	0.014	0.134	0.195	0.004	0.547
neutral	0.136	0.000	0.032	0.059	0.266	0.002	0.504
neutral	0.088	0.000	0.014	0.099	0.223	0.003	0.573
neutral	0.088	0.000	0.009	0.232	0.204	0.005	0.462
neutral	0.111	0.000	0.018	0.073	0.248	0.002	0.549
neutral	0.100	0.000	0.010	0.167	0.203	0.003	0.517
neutral	0.081	0.000	0.009	0.095	0.235	0.002	0.578
neutral	0.107	0.000	0.010	0.175	0.193	0.003	0.511
neutral	0.094	0.000	0.005	0.156	0.206	0.002	0.537
neutral	0.092	0.000	0.023	0.061	0.221	0.001	0.602
neutral	0.159	0.000	0.023	0.131	0.209	0.003	0.475
neutral	0.107	0.000	0.019	0.064	0.286	0.002	0.522
neutral	0.168	0.000	0.011	0.079	0.203	0.003	0.536
neutral	0.091	0.000	0.018	0.081	0.209	0.003	0.599
neutral	0.110	0.000	0.010	0.123	0.258	0.003	0.496
neutral	0.104	0.000	0.014	0.060	0.257	0.002	0.562
neutral	0.115	0.000	0.021	0.077	0.253	0.003	0.531
neutral	0.145	0.000	0.014	0.064	0.286	0.001	0.490
neutral	0.125	0.000	0.009	0.115	0.240	0.003	0.508
neutral	0.069	0.000	0.021	0.131	0.188	0.001	0.589
neutral	0.098	0.000	0.011	0.169	0.174	0.003	0.546
neutral	0.083	0.000	0.006	0.191	0.124	0.005	0.591
neutral	0.117	0.000	0.020	0.053	0.278	0.002	0.530
neutral	0.137	0.000	0.021	0.070	0.289	0.003	0.479
neutral	0.110	0.000	0.006	0.236	0.157	0.003	0.487
neutral	0.134	0.000	0.008	0.175	0.213	0.003	0.467
neutral	0.072	0.000	0.017	0.072	0.339	0.002	0.498
neutral	0.143	0.000	0.012	0.193	0.175	0.004	0.474
neutral	0.102	0.000	0.009	0.120	0.279	0.002	0.487
neutral	0.128	0.000	0.008	0.191	0.237	0.002	0.434
neutral	0.105	0.000	0.010	0.172	0.193	0.004	0.516
neutral	0.126	0.000	0.020	0.172	0.190	0.006	0.486
neutral	0.098	0.000	0.023	0.074	0.246	0.003	0.557
neutral	0.103	0.000	0.034	0.220	0.262	0.006	0.375
neutral	0.146	0.000	0.016	0.118	0.266	0.002	0.452
neutral	0.088	0.000	0.015	0.065	0.220	0.001	0.611
neutral	0.115	0.000	0.006	0.145	0.278	0.001	0.455
neutral	0.102	0.000	0.006	0.206	0.211	0.003	0.472
neutral	0.189	0.000	0.023	0.107	0.203	0.003	0.474
neutral	0.148	0.000	0.017	0.089	0.198	0.003	0.545
neutral	0.113	0.000	0.013	0.164	0.217	0.005	0.488
neutral	0.124	0.000	0.012	0.086	0.311	0.002	0.465
neutral	0.101	0.000	0.020	0.051	0.307	0.001	0.519
neutral	0.081	0.000	0.016	0.124	0.225	0.004	0.550
neutral	0.120	0.000	0.021	0.076	0.300	0.002	0.480
neutral	0.101	0.000	0.012	0.152	0.218	0.004	0.512
neutral	0.115	0.000	0.010	0.074	0.319	0.002	0.480
neutral	0.094	0.000	0.007	0.155	0.198	0.005	0.541
neutral	0.127	0.000	0.018	0.081	0.290	0.002	0.481
neutral	0.097	0.000	0.006	0.151	0.205	0.004	0.538
neutral	0.096	0.000	0.011	0.114	0.236	0.002	0.541
neutral	0.118	0.000	0.013	0.135	0.257	0.003	0.475
neutral	0.092	0.000	0.015	0.028	0.338	0.001	0.527
neutral	0.125	0.000	0.021	0.113	0.323	0.004	0.413
neutral	0.128	0.000	0.015	0.155	0.243	0.004	0.455
neutral	0.110	0.000	0.018	0.059	0.265	0.002	0.546
neutral	0.089	0.000	0.013	0.117	0.209	0.004	0.569
neutral	0.145	0.000	0.023	0.077	0.254	0.002	0.498
neutral	0.074	0.000	0.017	0.052	0.232	0.002	0.622
neutral	0.093	0.000	0.011	0.081	0.223	0.003	0.589
neutral	0.102	0.000	0.019	0.045	0.271	0.002	0.561
neutral	0.104	0.000	0.011	0.120	0.192	0.003	0.570
neutral	0.109	0.000	0.012	0.115	0.249	0.003	0.512
neutral	0.158	0.000	0.022	0.111	0.229	0.004	0.477
neutral	0.070	0.000	0.008	0.104	0.188	0.003	0.626
neutral	0.154	0.000	0.014	0.075	0.244	0.002	0.511
neutral	0.116	0.000	0.019	0.082	0.268	0.002	0.513
neutral	0.117	0.001	0.021	0.043	0.283	0.002	0.534
neutral	0.134	0.000	0.015	0.057	0.283	0.001	0.511
neutral	0.060	0.001	0.015	0.036	0.232	0.001	0.656
neutral	0.085	0.000	0.014	0.034	0.267	0.001	0.599
neutral	0.149	0.000	0.008	0.057	0.269	0.002	0.516
neutral	0.144	0.000	0.012	0.048	0.249	0.001	0.544
neutral	0.112	0.000	0.017	0.033	0.310	0.001	0.527
neutral	0.092	0.000	0.006	0.194	0.162	0.005	0.541
neutral	0.100	0.000	0.011	0.101	0.217	0.003	0.568
neutral	0.134	0.000	0.010	0.105	0.221	0.005	0.525
neutral	0.147	0.000	0.011	0.122	0.272	0.005	0.442
neutral	0.116	0.000	0.017	0.069	0.282	0.003	0.513
neutral	0.151	0.000	0.012	0.148	0.219	0.006	0.464
neutral	0.093	0.000	0.011	0.141	0.180	0.004	0.570
neutral	0.102	0.000	0.011	0.189	0.183	0.005	0.511
neutral	0.094	0.000	0.019	0.027	0.229	0.001	0.630
neutral	0.107	0.000	0.022	0.062	0.253	0.002	0.554
neutral	0.127	0.000	0.013	0.083	0.295	0.003	0.479
neutral	0.109	0.000	0.011	0.075	0.253	0.002	0.551
neutral	0.129	0.000	0.015	0.097	0.307	0.002	0.449
neutral	0.093	0.000	0.012	0.103	0.203	0.003	0.586
neutral	0.119	0.000	0.014	0.103	0.231	0.003	0.530
neutral	0.072	0.000	0.017	0.077	0.214	0.001	0.618
neutral	0.100	0.000	0.014	0.232	0.195	0.007	0.453
neutral	0.106	0.000	0.011	0.092	0.261	0.003	0.526
neutral	0.103	0.001	0.018	0.186	0.245	0.009	0.438
neutral	0.145	0.000	0.010	0.069	0.300	0.001	0.473
neutral	0.110	0.000	0.009	0.134	0.174	0.004	0.569
neutral	0.111	0.000	0.010	0.188	0.232	0.002	0.457
neutral	0.133	0.000	0.015	0.073	0.308	0.003	0.468
neutral	0.129	0.000	0.020	0.075	0.282	0.002	0.491
neutral	0.127	0.001	0.010	0.208	0.211	0.008	0.436
neutral	0.099	0.000	0.016	0.114	0.258	0.002	0.511
neutral	0.091	0.000	0.011	0.192	0.200	0.005	0.499
neutral	0.086	0.000	0.022	0.283	0.192	0.004	0.412
neutral	0.113	0.000	0.008	0.140	0.165	0.005	0.569
neutral	0.073	0.000	0.016	0.129	0.221	0.002	0.560
neutral	0.124	0.001	0.009	0.136	0.237	0.005	0.489
neutral	0.107	0.001	0.010	0.192	0.230	0.005	0.455
neutral	0.099	0.000	0.006	0.202	0.214	0.006	0.473
neutral	0.085	0.000	0.026	0.079	0.266	0.002	0.542
neutral	0.079	0.001	0.019	0.146	0.320	0.005	0.429
neutral	0.097	0.000	0.014	0.103	0.182	0.001	0.602
neutral	0.098	0.000	0.023	0.036	0.329	0.002	0.512
neutral	0.130	0.000	0.024	0.068	0.242	0.001	0.534
neutral	0.163	0.000	0.026	0.089	0.286	0.004	0.431
neutral	0.116	0.001	0.011	0.181	0.207	0.005	0.480
neutral	0.140	0.000	0.015	0.138	0.241	0.006	0.460
neutral	0.101	0.000	0.016	0.083	0.290	0.003	0.507
neutral	0.127	0.000	0.008	0.127	0.162	0.004	0.572
neutral	0.129	0.000	0.024	0.061	0.276	0.002	0.508
neutral	0.195	0.000	0.021	0.061	0.347	0.002	0.375
neutral	0.132	0.000	0.009	0.147	0.236	0.005	0.469
neutral	0.125	0.001	0.010	0.163	0.247	0.007	0.448
sad	0.129	0.000	0.022	0.088	0.400	0.002	0.359
neutral	0.094	0.001	0.017	0.205	0.273	0.006	0.405
neutral	0.148	0.000	0.025	0.094	0.260	0.004	0.469
neutral	0.133	0.000	0.006	0.162	0.179	0.006	0.514
neutral	0.142	0.000	0.015	0.075	0.267	0.003	0.498
neutral	0.126	0.000	0.024	0.038	0.277	0.002	0.532
neutral	0.114	0.000	0.006	0.195	0.174	0.008	0.503
neutral	0.116	0.000	0.007	0.122	0.231	0.003	0.521
neutral	0.099	0.000	0.009	0.173	0.166	0.005	0.548
neutral	0.111	0.000	0.005	0.137	0.221	0.006	0.519
neutral	0.161	0.000	0.007	0.081	0.186	0.003	0.562
neutral	0.094	0.000	0.012	0.113	0.212	0.004	0.565
neutral	0.210	0.001	0.008	0.118	0.195	0.004	0.464
neutral	0.235	0.001	0.007	0.120	0.199	0.003	0.434
neutral	0.098	0.001	0.011	0.165	0.188	0.004	0.532
neutral	0.126	0.000	0.010	0.099	0.174	0.004	0.585
neutral	0.151	0.001	0.012	0.143	0.246	0.005	0.442
neutral	0.148	0.000	0.018	0.243	0.165	0.002	0.424
neutral	0.114	0.000	0.007	0.215	0.215	0.003	0.446
neutral	0.152	0.000	0.009	0.207	0.166	0.005	0.460
neutral	0.135	0.000	0.019	0.067	0.326	0.003	0.450
neutral	0.133	0.001	0.013	0.132	0.259	0.004	0.459
neutral	0.112	0.000	0.007	0.264	0.148	0.004	0.464
neutral	0.080	0.000	0.013	0.199	0.179	0.002	0.526
neutral	0.144	0.000	0.035	0.073	0.356	0.003	0.389
neutral	0.200	0.000	0.010	0.064	0.192	0.002	0.533
neutral	0.125	0.000	0.009	0.204	0.194	0.008	0.459
neutral	0.127	0.001	0.012	0.178	0.249	0.006	0.427
neutral	0.146	0.000	0.016	0.169	0.232	0.003	0.434
neutral	0.146	0.000	0.011	0.089	0.204	0.002	0.548
neutral	0.227	0.001	0.010	0.123	0.190	0.003	0.447
neutral	0.129	0.001	0.009	0.186	0.204	0.007	0.464
neutral	0.100	0.001	0.015	0.159	0.241	0.006	0.477
neutral	0.135	0.000	0.011	0.216	0.212	0.012	0.414
neutral	0.122	0.001	0.014	0.121	0.274	0.004	0.463
neutral	0.113	0.000	0.013	0.146	0.229	0.005	0.494
neutral	0.176	0.000	0.016	0.078	0.224	0.002	0.504
neutral	0.115	0.000	0.008	0.254	0.205	0.009	0.410
neutral	0.124	0.000	0.015	0.094	0.289	0.003	0.473
neutral	0.098	0.000	0.012	0.149	0.209	0.004	0.526
neutral	0.167	0.000	0.023	0.061	0.358	0.005	0.386
neutral	0.128	0.001	0.011	0.095	0.316	0.003	0.447
neutral	0.131	0.000	0.014	0.123	0.279	0.003	0.449
neutral	0.117	0.000	0.011	0.143	0.238	0.003	0.488
neutral	0.153	0.000	0.021	0.145	0.251	0.003	0.427
neutral	0.112	0.000	0.016	0.070	0.207	0.001	0.594
neutral	0.273	0.000	0.011	0.166	0.198	0.005	0.346
neutral	0.169	0.000	0.013	0.166	0.203	0.005	0.444
neutral	0.117	0.000	0.012	0.191	0.234	0.004	0.442
neutral	0.151	0.000	0.017	0.113	0.221	0.002	0.495
neutral	0.096	0.000	0.008	0.151	0.195	0.004	0.546
neutral	0.132	0.000	0.020	0.046	0.285	0.002	0.514
neutral	0.157	0.000	0.013	0.148	0.234	0.004	0.443
neutral	0.155	0.000	0.011	0.127	0.184	0.005	0.517
neutral	0.174	0.000	0.025	0.070	0.280	0.003	0.448
neutral	0.119	0.000	0.011	0.138	0.181	0.004	0.546
neutral	0.154	0.001	0.014	0.140	0.232	0.003	0.456
neutral	0.147	0.000	0.013	0.201	0.192	0.002	0.444
neutral	0.138	0.000	0.007	0.146	0.218	0.005	0.487
neutral	0.157	0.000	0.014	0.154	0.220	0.006	0.448
neutral	0.087	0.000	0.007	0.241	0.152	0.005	0.507
neutral	0.125	0.000	0.008	0.194	0.211	0.006	0.456
neutral	0.140	0.000	0.007	0.158	0.142	0.004	0.549
neutral	0.176	0.000	0.021	0.044	0.344	0.002	0.412
neutral	0.171	0.000	0.024	0.038	0.339	0.003	0.426
neutral	0.127	0.000	0.008	0.189	0.229	0.004	0.442
neutral	0.190	0.000	0.011	0.055	0.368	0.002	0.374
neutral	0.156	0.000	0.006	0.113	0.172	0.003	0.549
neutral	0.119	0.000	0.007	0.149	0.195	0.005	0.524
neutral	0.151	0.000	0.009	0.114	0.261	0.003	0.461
neutral	0.080	0.000	0.006	0.189	0.138	0.005	0.582
neutral	0.131	0.000	0.007	0.105	0.263	0.003	0.491
neutral	0.123	0.000	0.008	0.117	0.264	0.002	0.486
neutral	0.141	0.000	0.009	0.105	0.298	0.002	0.445
neutral	0.073	0.000	0.006	0.218	0.149	0.005	0.549
neutral	0.188	0.000	0.008	0.107	0.193	0.003	0.500
neutral	0.122	0.000	0.012	0.105	0.220	0.003	0.538
neutral	0.121	0.000	0.006	0.160	0.146	0.004	0.562
neutral	0.077	0.000	0.004	0.155	0.150	0.003	0.610
neutral	0.096	0.000	0.006	0.156	0.185	0.004	0.552
neutral	0.105	0.000	0.006	0.207	0.214	0.006	0.462
neutral	0.111	0.000	0.022	0.109	0.239	0.004	0.515
neutral	0.128	0.000	0.007	0.123	0.233	0.003	0.506
neutral	0.100	0.000	0.012	0.149	0.212	0.004	0.522
neutral	0.093	0.000	0.008	0.172	0.184	0.004	0.538
neutral	0.123	0.001	0.018	0.063	0.221	0.002	0.573
neutral	0.148	0.001	0.011	0.161	0.245	0.005	0.429
neutral	0.096	0.001	0.011	0.185	0.174	0.005	0.530
neutral	0.159	0.000	0.014	0.114	0.288	0.003	0.421
neutral	0.100	0.001	0.008	0.181	0.170	0.004	0.536
neutral	0.204	0.000	0.011	0.164	0.202	0.002	0.417
neutral	0.087	0.000	0.005	0.202	0.119	0.003	0.583
neutral	0.164	0.001	0.012	0.215	0.161	0.003	0.444
neutral	0.293	0.000	0.007	0.056	0.172	0.002	0.469
neutral	0.078	0.000	0.019	0.073	0.194	0.001	0.635
neutral	0.254	0.000	0.008	0.063	0.182	0.002	0.490
neutral	0.093	0.000	0.024	0.211	0.296	0.005	0.371
sad	0.122	0.000	0.023	0.063	0.415	0.001	0.377
neutral	0.165	0.000	0.012	0.156	0.231	0.004	0.431
neutral	0.126	0.000	0.008	0.175	0.226	0.003	0.461
neutral	0.114	0.000	0.007	0.149	0.134	0.004	0.592
neutral	0.181	0.000	0.025	0.072	0.327	0.004	0.391
neutral	0.162	0.000	0.015	0.109	0.293	0.002	0.418
neutral	0.101	0.000	0.017	0.057	0.234	0.001	0.590
neutral	0.115	0.000	0.008	0.154	0.163	0.005	0.555
neutral	0.162	0.000	0.019	0.097	0.307	0.003	0.412
neutral	0.104	0.000	0.005	0.184	0.202	0.005	0.501
neutral	0.118	0.000	0.008	0.208	0.207	0.008	0.451
neutral	0.112	0.000	0.005	0.209	0.169	0.003	0.501
neutral	0.078	0.000	0.005	0.177	0.142	0.003	0.594
neutral	0.143	0.000	0.009	0.108	0.231	0.003	0.507
neutral	0.127	0.000	0.016	0.115	0.265	0.004	0.472
neutral	0.112	0.000	0.012	0.111	0.234	0.003	0.528
neutral	0.109	0.000	0.008	0.116	0.215	0.005	0.546
neutral	0.099	0.000	0.006	0.200	0.148	0.006	0.542
neutral	0.126	0.000	0.014	0.097	0.226	0.002	0.535
neutral	0.116	0.000	0.005	0.199	0.188	0.006	0.486
neutral	0.111	0.000	0.006	0.181	0.212	0.006	0.483
neutral	0.096	0.001	0.011	0.175	0.217	0.006	0.495
neutral	0.111	0.001	0.008	0.156	0.202	0.004	0.519
neutral	0.078	0.000	0.006	0.180	0.170	0.005	0.561
neutral	0.122	0.000	0.026	0.124	0.258	0.003	0.467
neutral	0.102	0.000	0.005	0.206	0.188	0.005	0.494
sad	0.127	0.000	0.019	0.102	0.441	0.005	0.306
neutral	0.104	0.000	0.006	0.195	0.170	0.004	0.521
neutral	0.079	0.000	0.005	0.218	0.133	0.005	0.561
neutral	0.111	0.000	0.007	0.177	0.177	0.004	0.523
neutral	0.120	0.000	0.006	0.172	0.194	0.003	0.504
neutral	0.097	0.000	0.010	0.201	0.168	0.004	0.520
neutral	0.164	0.000	0.025	0.081	0.261	0.003	0.466
neutral	0.135	0.000	0.009	0.105	0.149	0.003	0.599
neutral	0.154	0.000	0.015	0.118	0.249	0.005	0.459
neutral	0.108	0.000	0.019	0.124	0.304	0.003	0.442
neutral	0.117	0.000	0.009	0.208	0.196	0.006	0.464
neutral	0.153	0.001	0.016	0.049	0.295	0.001	0.486
neutral	0.138	0.000	0.012	0.137	0.265	0.003	0.446
neutral	0.108	0.000	0.008	0.268	0.163	0.004	0.449
neutral	0.135	0.000	0.018	0.170	0.246	0.004	0.426
neutral	0.113	0.000	0.005	0.260	0.221	0.005	0.395
neutral	0.115	0.000	0.008	0.110	0.251	0.002	0.513
neutral	0.126	0.000	0.006	0.215	0.239	0.003	0.412
neutral	0.175	0.000	0.010	0.089	0.351	0.001	0.373
neutral	0.129	0.000	0.011	0.145	0.178	0.005	0.532
neutral	0.142	0.000	0.010	0.172	0.193	0.005	0.479
neutral	0.129	0.000	0.012	0.231	0.194	0.002	0.431
neutral	0.114	0.000	0.012	0.217	0.188	0.003	0.465
neutral	0.124	0.000	0.009	0.168	0.233	0.004	0.462
neutral	0.237	0.000	0.010	0.067	0.200	0.002	0.483
neutral	0.132	0.000	0.012	0.205	0.188	0.006	0.457
neutral	0.148	0.000	0.008	0.141	0.159	0.004	0.540
neutral	0.139	0.000	0.012	0.119	0.214	0.003	0.511
neutral	0.080	0.000	0.006	0.211	0.138	0.004	0.560
neutral	0.189	0.000	0.010	0.081	0.243	0.003	0.473
neutral	0.117	0.000	0.005	0.308	0.182	0.005	0.383
neutral	0.102	0.000	0.009	0.148	0.219	0.005	0.516
neutral	0.122	0.000	0.005	0.233	0.216	0.004	0.420
neutral	0.108	0.001	0.012	0.105	0.237	0.004	0.534
neutral	0.152	0.000	0.004	0.131	0.220	0.001	0.491
neutral	0.104	0.001	0.006	0.118	0.183	0.003	0.586
neutral	0.195	0.000	0.008	0.165	0.235	0.002	0.395
neutral	0.147	0.000	0.006	0.120	0.263	0.002	0.462
neutral	0.130	0.000	0.005	0.180	0.211	0.002	0.471
neutral	0.069	0.000	0.005	0.173	0.148	0.005	0.600
neutral	0.083	0.001	0.007	0.215	0.160	0.004	0.531
neutral	0.088	0.000	0.004	0.172	0.222	0.004	0.510
neutral	0.100	0.000	0.009	0.192	0.282	0.007	0.410
neutral	0.085	0.000	0.016	0.132	0.327	0.004	0.437
sad	0.098	0.000	0.033	0.102	0.426	0.005	0.336
neutral	0.121	0.000	0.008	0.129	0.252	0.003	0.487
neutral	0.086	0.000	0.013	0.125	0.212	0.003	0.561
neutral	0.127	0.000	0.008	0.150	0.250	0.009	0.454
neutral	0.094	0.001	0.009	0.189	0.166	0.006	0.535
neutral	0.130	0.000	0.015	0.057	0.206	0.002	0.589
neutral	0.235	0.001	0.011	0.094	0.191	0.003	0.467
neutral	0.115	0.000	0.027	0.137	0.262	0.002	0.456
neutral	0.114	0.000	0.011	0.080	0.227	0.006	0.562
neutral	0.095	0.000	0.007	0.172	0.181	0.006	0.538
neutral	0.085	0.000	0.012	0.148	0.165	0.005	0.584
neutral	0.119	0.001	0.017	0.105	0.280	0.006	0.472
neutral	0.147	0.000	0.015	0.125	0.284	0.004	0.426
neutral	0.084	0.000	0.005	0.242	0.131	0.005	0.532
neutral	0.130	0.000	0.017	0.107	0.204	0.002	0.540
neutral	0.163	0.000	0.009	0.134	0.264	0.005	0.424
neutral	0.107	0.000	0.005	0.235	0.186	0.004	0.463
neutral	0.115	0.000	0.024	0.226	0.258	0.010	0.367
neutral	0.094	0.000	0.005	0.256	0.168	0.005	0.473
neutral	0.116	0.000	0.008	0.169	0.244	0.009	0.454
neutral	0.087	0.000	0.006	0.127	0.214	0.004	0.561
neutral	0.146	0.000	0.018	0.068	0.307	0.002	0.458
neutral	0.150	0.000	0.020	0.087	0.341	0.003	0.398
neutral	0.163	0.000	0.018	0.064	0.352	0.002	0.400
neutral	0.104	0.000	0.007	0.186	0.226	0.006	0.469
neutral	0.148	0.000	0.019	0.062	0.354	0.002	0.414
neutral	0.115	0.000	0.011	0.160	0.270	0.007	0.437
neutral	0.171	0.000	0.009	0.160	0.248	0.003	0.409
neutral	0.094	0.000	0.008	0.180	0.164	0.006	0.548
neutral	0.180	0.000	0.010	0.107	0.328	0.003	0.371
neutral	0.131	0.000	0.009	0.083	0.238	0.002	0.537
neutral	0.118	0.000	0.013	0.151	0.245	0.004	0.468
