prediction	angry	disgust	fear	happy	sad	surprise	neutral
neutral	0.031	0.000	0.003	0.032	0.124	0.002	0.809
neutral	0.012	0.000	0.004	0.037	0.159	0.002	0.786
neutral	0.055	0.000	0.008	0.009	0.375	0.001	0.553
neutral	0.030	0.000	0.005	0.007	0.317	0.000	0.641
neutral	0.065	0.000	0.006	0.007	0.415	0.001	0.506
neutral	0.016	0.000	0.004	0.011	0.289	0.001	0.679
sad	0.068	0.001	0.007	0.007	0.511	0.001	0.406
neutral	0.043	0.000	0.003	0.010	0.322	0.001	0.621
neutral	0.021	0.000	0.005	0.007	0.447	0.000	0.519
neutral	0.025	0.000	0.003	0.008	0.262	0.000	0.701
neutral	0.057	0.000	0.005	0.008	0.401	0.001	0.527
sad	0.056	0.001	0.005	0.009	0.476	0.000	0.453
neutral	0.025	0.000	0.003	0.010	0.334	0.000	0.627
neutral	0.022	0.000	0.002	0.020	0.203	0.000	0.752
neutral	0.014	0.000	0.002	0.038	0.150	0.001	0.795
neutral	0.013	0.000	0.001	0.027	0.141	0.000	0.818
neutral	0.021	0.000	0.002	0.031	0.167	0.000	0.778
neutral	0.016	0.000	0.002	0.036	0.184	0.000	0.761
neutral	0.015	0.000	0.002	0.077	0.060	0.003	0.842
neutral	0.047	0.000	0.003	0.056	0.115	0.002	0.778
neutral	0.022	0.000	0.002	0.039	0.075	0.004	0.858
neutral	0.011	0.000	0.001	0.034	0.038	0.002	0.913
neutral	0.036	0.000	0.003	0.032	0.093	0.003	0.834
neutral	0.018	0.000	0.002	0.090	0.083	0.003	0.804
neutral	0.023	0.000	0.002	0.045	0.072	0.004	0.854
neutral	0.024	0.000	0.002	0.043	0.080	0.003	0.847
neutral	0.026	0.000	0.004	0.027	0.115	0.005	0.825
neutral	0.065	0.000	0.003	0.028	0.149	0.002	0.753
neutral	0.012	0.000	0.001	0.055	0.033	0.001	0.898
neutral	0.013	0.000	0.001	0.056	0.060	0.000	0.870
neutral	0.027	0.001	0.001	0.026	0.149	0.000	0.796
neutral	0.029	0.000	0.001	0.037	0.089	0.001	0.842
neutral	0.031	0.000	0.001	0.037	0.055	0.003	0.873
neutral	0.023	0.000	0.001	0.030	0.057	0.001	0.887
neutral	0.023	0.000	0.001	0.037	0.057	0.001	0.882
neutral	0.021	0.000	0.001	0.030	0.103	0.000	0.845
neutral	0.032	0.000	0.001	0.023	0.114	0.000	0.829
neutral	0.029	0.000	0.000	0.028	0.090	0.000	0.852
neutral	0.023	0.000	0.001	0.041	0.107	0.000	0.827
neutral	0.022	0.000	0.001	0.031	0.078	0.001	0.868
neutral	0.024	0.000	0.000	0.027	0.070	0.001	0.878
neutral	0.024	0.000	0.000	0.045	0.072	0.001	0.858
neutral	0.021	0.000	0.000	0.046	0.068	0.000	0.865
neutral	0.044	0.000	0.001	0.030	0.159	0.000	0.765
neutral	0.024	0.000	0.000	0.055	0.078	0.000	0.842
neutral	0.036	0.000	0.001	0.035	0.136	0.000	0.791
neutral	0.031	0.000	0.001	0.028	0.074	0.001	0.865
neutral	0.031	0.000	0.001	0.038	0.105	0.000	0.824
neutral	0.021	0.000	0.001	0.034	0.154	0.000	0.788
neutral	0.016	0.000	0.001	0.053	0.125	0.000	0.805
neutral	0.085	0.000	0.004	0.013	0.308	0.001	0.589
neutral	0.094	0.000	0.003	0.008	0.194	0.002	0.699
neutral	0.030	0.000	0.005	0.003	0.393	0.000	0.569
neutral	0.030	0.000	0.003	0.008	0.184	0.001	0.773
neutral	0.030	0.000	0.003	0.011	0.187	0.001	0.767
neutral	0.052	0.000	0.004	0.008	0.212	0.001	0.722
neutral	0.058	0.000	0.004	0.006	0.157	0.002	0.774
neutral	0.067	0.000	0.003	0.006	0.168	0.002	0.754
neutral	0.101	0.000	0.008	0.008	0.140	0.005	0.736
neutral	0.032	0.000	0.003	0.016	0.046	0.003	0.900
neutral	0.038	0.000	0.002	0.011	0.059	0.002	0.887
neutral	0.094	0.000	0.003	0.008	0.078	0.001	0.816
neutral	0.058	0.000	0.005	0.012	0.092	0.002	0.831
neutral	0.040	0.000	0.006	0.006	0.185	0.001	0.762
neutral	0.056	0.000	0.002	0.004	0.135	0.001	0.803
neutral	0.049	0.000	0.003	0.012	0.099	0.001	0.836
neutral	0.046	0.000	0.003	0.015	0.119	0.004	0.813
neutral	0.070	0.000	0.006	0.012	0.171	0.005	0.736
neutral	0.068	0.001	0.010	0.004	0.392	0.003	0.522
sad	0.031	0.001	0.017	0.004	0.588	0.002	0.356
neutral	0.012	0.001	0.008	0.007	0.275	0.003	0.694
angry	0.406	0.000	0.017	0.088	0.294	0.006	0.189
neutral	0.020	0.001	0.010	0.013	0.285	0.002	0.669
neutral	0.035	0.000	0.019	0.013	0.299	0.007	0.627
angry	0.473	0.000	0.023	0.020	0.254	0.003	0.227
neutral	0.037	0.000	0.017	0.021	0.311	0.007	0.607
angry	0.418	0.000	0.037	0.042	0.267	0.005	0.232
neutral	0.047	0.000	0.022	0.006	0.251	0.012	0.662
angry	0.451	0.000	0.016	0.069	0.245	0.005	0.214
neutral	0.050	0.001	0.009	0.011	0.227	0.004	0.698
neutral	0.041	0.002	0.005	0.005	0.221	0.003	0.723
neutral	0.049	0.001	0.005	0.010	0.183	0.006	0.745
angry	0.354	0.000	0.021	0.033	0.278	0.002	0.312
neutral	0.042	0.001	0.007	0.005	0.174	0.005	0.767
neutral	0.053	0.001	0.009	0.005	0.316	0.002	0.614
angry	0.466	0.000	0.016	0.054	0.253	0.002	0.208
neutral	0.042	0.001	0.006	0.003	0.266	0.002	0.680
neutral	0.032	0.001	0.006	0.002	0.248	0.001	0.711
neutral	0.042	0.001	0.004	0.002	0.320	0.001	0.630
neutral	0.042	0.000	0.005	0.002	0.253	0.001	0.696
neutral	0.033	0.003	0.007	0.005	0.298	0.001	0.653
neutral	0.033	0.001	0.004	0.006	0.229	0.001	0.726
neutral	0.029	0.001	0.004	0.007	0.184	0.001	0.774
neutral	0.043	0.000	0.004	0.005	0.164	0.001	0.784
neutral	0.036	0.000	0.003	0.007	0.159	0.000	0.795
neutral	0.020	0.000	0.002	0.006	0.130	0.001	0.841
neutral	0.022	0.000	0.002	0.008	0.139	0.001	0.828
neutral	0.036	0.000	0.002	0.007	0.187	0.000	0.768
neutral	0.053	0.000	0.002	0.011	0.173	0.000	0.760
neutral	0.041	0.000	0.001	0.013	0.162	0.000	0.782
neutral	0.036	0.000	0.001	0.015	0.165	0.001	0.781
neutral	0.045	0.000	0.002	0.017	0.145	0.001	0.790
neutral	0.068	0.000	0.001	0.013	0.170	0.001	0.747
neutral	0.056	0.000	0.002	0.012	0.210	0.000	0.720
neutral	0.082	0.000	0.003	0.017	0.201	0.001	0.696
sad	0.037	0.000	0.005	0.003	0.534	0.000	0.420
neutral	0.049	0.000	0.004	0.022	0.177	0.001	0.747
neutral	0.022	0.001	0.002	0.017	0.240	0.000	0.718
neutral	0.025	0.000	0.002	0.017	0.216	0.001	0.739
neutral	0.021	0.001	0.002	0.020	0.143	0.001	0.813
neutral	0.024	0.000	0.001	0.025	0.187	0.001	0.762
neutral	0.029	0.001	0.002	0.026	0.135	0.000	0.807
neutral	0.028	0.000	0.002	0.018	0.173	0.001	0.778
neutral	0.020	0.001	0.002	0.014	0.217	0.000	0.747
neutral	0.035	0.000	0.002	0.011	0.163	0.001	0.788
neutral	0.034	0.000	0.002	0.014	0.249	0.000	0.700
neutral	0.099	0.000	0.003	0.016	0.169	0.001	0.712
neutral	0.045	0.000	0.002	0.014	0.158	0.001	0.780
neutral	0.088	0.000	0.002	0.027	0.161	0.001	0.720
neutral	0.036	0.000	0.002	0.021	0.111	0.001	0.829
neutral	0.102	0.000	0.002	0.015	0.180	0.001	0.700
neutral	0.025	0.000	0.001	0.025	0.103	0.001	0.845
neutral	0.105	0.000	0.003	0.016	0.145	0.001	0.730
neutral	0.080	0.000	0.003	0.020	0.181	0.001	0.716
neutral	0.108	0.000	0.002	0.035	0.140	0.002	0.714
neutral	0.104	0.000	0.004	0.019	0.202	0.001	0.670
neutral	0.055	0.000	0.002	0.024	0.157	0.001	0.762
neutral	0.045	0.000	0.001	0.043	0.098	0.001	0.812
neutral	0.065	0.000	0.002	0.040	0.141	0.002	0.750
neutral	0.060	0.000	0.001	0.066	0.094	0.001	0.778
neutral	0.050	0.000	0.002	0.046	0.113	0.001	0.787
neutral	0.061	0.000	0.002	0.054	0.112	0.001	0.770
neutral	0.060	0.000	0.001	0.045	0.063	0.001	0.830
neutral	0.039	0.000	0.001	0.080	0.080	0.001	0.799
neutral	0.035	0.000	0.001	0.117	0.085	0.001	0.761
neutral	0.035	0.000	0.001	0.108	0.090	0.001	0.765
neutral	0.044	0.000	0.001	0.080	0.089	0.001	0.784
neutral	0.030	0.000	0.003	0.009	0.267	0.000	0.690
neutral	0.037	0.000	0.002	0.017	0.221	0.000	0.723
neutral	0.032	0.000	0.002	0.025	0.155	0.001	0.785
neutral	0.038	0.000	0.003	0.008	0.199	0.001	0.752
neutral	0.047	0.000	0.003	0.017	0.346	0.000	0.586
neutral	0.042	0.000	0.002	0.015	0.262	0.001	0.677
neutral	0.048	0.000	0.003	0.033	0.168	0.001	0.746
neutral	0.040	0.000	0.002	0.029	0.158	0.001	0.770
neutral	0.052	0.000	0.003	0.035	0.188	0.002	0.720
neutral	0.046	0.000	0.003	0.026	0.184	0.001	0.740
neutral	0.077	0.000	0.003	0.023	0.218	0.001	0.679
neutral	0.035	0.000	0.002	0.019	0.148	0.001	0.794
neutral	0.026	0.000	0.002	0.020	0.131	0.001	0.820
neutral	0.053	0.000	0.003	0.017	0.175	0.002	0.751
neutral	0.038	0.000	0.002	0.018	0.179	0.001	0.762
neutral	0.066	0.000	0.003	0.008	0.187	0.001	0.735
neutral	0.029	0.000	0.002	0.019	0.190	0.001	0.759
neutral	0.033	0.000	0.002	0.017	0.210	0.001	0.737
neutral	0.061	0.000	0.003	0.014	0.138	0.001	0.783
neutral	0.056	0.000	0.003	0.020	0.164	0.002	0.755
neutral	0.038	0.000	0.002	0.018	0.217	0.001	0.724
neutral	0.037	0.001	0.003	0.009	0.276	0.001	0.673
neutral	0.028	0.000	0.003	0.024	0.180	0.002	0.761
neutral	0.033	0.000	0.004	0.011	0.237	0.002	0.713
neutral	0.033	0.000	0.003	0.022	0.205	0.002	0.734
neutral	0.032	0.000	0.004	0.016	0.237	0.002	0.709
neutral	0.045	0.000	0.003	0.017	0.166	0.001	0.767
neutral	0.065	0.000	0.004	0.020	0.153	0.002	0.756
neutral	0.047	0.000	0.003	0.012	0.221	0.001	0.716
neutral	0.073	0.000	0.004	0.019	0.192	0.002	0.709
neutral	0.074	0.001	0.002	0.027	0.170	0.000	0.725
neutral	0.054	0.000	0.001	0.016	0.154	0.000	0.774
neutral	0.054	0.000	0.001	0.024	0.132	0.001	0.788
neutral	0.074	0.000	0.001	0.021	0.165	0.000	0.739
neutral	0.073	0.000	0.001	0.018	0.130	0.001	0.777
neutral	0.066	0.001	0.002	0.019	0.198	0.000	0.714
neutral	0.062	0.000	0.001	0.023	0.161	0.000	0.752
neutral	0.069	0.000	0.001	0.027	0.159	0.000	0.744
neutral	0.043	0.000	0.001	0.017	0.137	0.001	0.801
neutral	0.054	0.001	0.002	0.023	0.200	0.001	0.720
neutral	0.068	0.001	0.002	0.025	0.217	0.000	0.687
neutral	0.069	0.000	0.002	0.023	0.207	0.001	0.697
neutral	0.074	0.000	0.003	0.023	0.232	0.001	0.666
neutral	0.074	0.000	0.002	0.020	0.244	0.001	0.659
neutral	0.068	0.001	0.003	0.013	0.264	0.001	0.651
neutral	0.054	0.000	0.004	0.014	0.241	0.001	0.686
neutral	0.035	0.000	0.004	0.013	0.197	0.001	0.751
neutral	0.068	0.000	0.002	0.024	0.170	0.001	0.735
neutral	0.016	0.000	0.001	0.015	0.115	0.001	0.851
neutral	0.040	0.000	0.001	0.037	0.096	0.001	0.824
neutral	0.056	0.000	0.001	0.038	0.119	0.001	0.783
neutral	0.065	0.000	0.002	0.033	0.110	0.001	0.790
neutral	0.050	0.000	0.002	0.052	0.097	0.005	0.793
neutral	0.079	0.000	0.001	0.023	0.115	0.001	0.782
neutral	0.065	0.000	0.002	0.031	0.201	0.002	0.701
neutral	0.051	0.000	0.001	0.022	0.137	0.001	0.788
neutral	0.075	0.000	0.002	0.013	0.208	0.001	0.700
neutral	0.065	0.000	0.002	0.012	0.209	0.001	0.711
neutral	0.036	0.000	0.002	0.017	0.195	0.001	0.750
happy	0.071	0.000	0.030	0.718	0.030	0.060	0.091
neutral	0.052	0.000	0.002	0.027	0.207	0.000	0.711
neutral	0.023	0.000	0.001	0.026	0.140	0.001	0.809
neutral	0.048	0.000	0.002	0.024	0.176	0.001	0.748
neutral	0.027	0.000	0.002	0.014	0.190	0.001	0.766
neutral	0.030	0.000	0.002	0.016	0.186	0.001	0.764
neutral	0.016	0.000	0.002	0.017	0.162	0.001	0.804
neutral	0.039	0.000	0.001	0.024	0.155	0.001	0.779
neutral	0.072	0.000	0.002	0.027	0.172	0.001	0.726
neutral	0.046	0.000	0.001	0.018	0.158	0.001	0.775
neutral	0.047	0.000	0.001	0.025	0.112	0.001	0.814
neutral	0.052	0.000	0.001	0.022	0.156	0.001	0.768
neutral	0.061	0.001	0.002	0.031	0.187	0.001	0.718
neutral	0.051	0.000	0.001	0.021	0.155	0.001	0.770
neutral	0.050	0.000	0.001	0.021	0.129	0.001	0.799
neutral	0.054	0.000	0.001	0.017	0.177	0.001	0.750
neutral	0.068	0.001	0.002	0.017	0.187	0.000	0.725
neutral	0.030	0.000	0.001	0.056	0.089	0.001	0.823
neutral	0.017	0.000	0.001	0.030	0.117	0.001	0.834
neutral	0.015	0.000	0.001	0.029	0.113	0.001	0.840
neutral	0.019	0.000	0.002	0.040	0.123	0.002	0.814
neutral	0.037	0.000	0.001	0.025	0.136	0.000	0.800
neutral	0.027	0.000	0.001	0.024	0.122	0.001	0.826
neutral	0.030	0.000	0.002	0.027	0.190	0.001	0.750
neutral	0.037	0.000	0.001	0.017	0.143	0.001	0.801
neutral	0.051	0.000	0.001	0.022	0.156	0.001	0.769
neutral	0.028	0.000	0.001	0.037	0.117	0.001	0.816
neutral	0.073	0.000	0.002	0.025	0.207	0.000	0.693
neutral	0.055	0.000	0.001	0.024	0.185	0.000	0.734
neutral	0.039	0.000	0.001	0.041	0.102	0.000	0.817
neutral	0.061	0.000	0.001	0.030	0.171	0.000	0.735
neutral	0.043	0.000	0.001	0.029	0.104	0.000	0.823
neutral	0.058	0.000	0.001	0.034	0.167	0.000	0.740
neutral	0.021	0.000	0.001	0.039	0.074	0.001	0.865
neutral	0.051	0.000	0.001	0.021	0.138	0.000	0.788
neutral	0.027	0.000	0.001	0.035	0.072	0.000	0.865
neutral	0.045	0.000	0.001	0.032	0.120	0.000	0.800
neutral	0.074	0.000	0.002	0.023	0.233	0.000	0.667
neutral	0.050	0.000	0.001	0.022	0.134	0.000	0.793
neutral	0.032	0.000	0.001	0.042	0.073	0.000	0.852
neutral	0.060	0.000	0.002	0.019	0.202	0.000	0.717
neutral	0.064	0.000	0.001	0.027	0.173	0.000	0.734
neutral	0.059	0.000	0.001	0.021	0.157	0.000	0.762
neutral	0.063	0.000	0.002	0.022	0.163	0.000	0.749
neutral	0.053	0.000	0.001	0.015	0.098	0.000	0.832
neutral	0.036	0.000	0.001	0.030	0.109	0.000	0.823
neutral	0.042	0.000	0.001	0.031	0.091	0.000	0.835
neutral	0.059	0.000	0.002	0.027	0.160	0.000	0.751
neutral	0.046	0.000	0.001	0.026	0.135	0.000	0.791
neutral	0.040	0.000	0.001	0.025	0.129	0.000	0.804
neutral	0.040	0.000	0.001	0.022	0.088	0.000	0.848
neutral	0.041	0.000	0.001	0.032	0.080	0.001	0.846
neutral	0.046	0.000	0.001	0.019	0.079	0.001	0.854
neutral	0.036	0.000	0.001	0.021	0.112	0.000	0.829
neutral	0.033	0.000	0.002	0.025	0.094	0.001	0.845
neutral	0.040	0.000	0.001	0.017	0.119	0.000	0.821
neutral	0.025	0.000	0.001	0.023	0.141	0.001	0.808
neutral	0.034	0.000	0.001	0.018	0.111	0.001	0.835
neutral	0.038	0.000	0.001	0.021	0.170	0.001	0.769
neutral	0.026	0.000	0.001	0.028	0.050	0.001	0.895
neutral	0.028	0.001	0.001	0.034	0.082	0.000	0.855
neutral	0.044	0.000	0.001	0.043	0.087	0.001	0.823
neutral	0.046	0.000	0.001	0.055	0.094	0.001	0.804
neutral	0.024	0.000	0.001	0.047	0.049	0.001	0.878
neutral	0.037	0.000	0.001	0.050	0.069	0.001	0.842
neutral	0.020	0.000	0.001	0.033	0.054	0.000	0.891
neutral	0.047	0.000	0.002	0.030	0.097	0.001	0.824
neutral	0.037	0.000	0.002	0.016	0.176	0.001	0.768
neutral	0.032	0.000	0.001	0.023	0.077	0.001	0.866
neutral	0.028	0.000	0.002	0.014	0.168	0.001	0.788
neutral	0.031	0.000	0.002	0.034	0.105	0.001	0.828
neutral	0.046	0.000	0.001	0.020	0.139	0.000	0.792
neutral	0.031	0.000	0.001	0.019	0.144	0.000	0.804
neutral	0.037	0.000	0.002	0.028	0.123	0.001	0.809
neutral	0.029	0.001	0.002	0.010	0.218	0.001	0.740
neutral	0.022	0.001	0.001	0.010	0.185	0.000	0.781
neutral	0.017	0.001	0.002	0.013	0.229	0.000	0.737
neutral	0.032	0.000	0.003	0.019	0.224	0.001	0.721
neutral	0.040	0.000	0.002	0.010	0.205	0.001	0.741
neutral	0.035	0.001	0.002	0.010	0.283	0.000	0.668
neutral	0.022	0.001	0.003	0.012	0.184	0.001	0.777
neutral	0.026	0.001	0.003	0.010	0.226	0.000	0.735
neutral	0.023	0.000	0.002	0.009	0.192	0.000	0.774
neutral	0.021	0.000	0.002	0.012	0.221	0.001	0.744
neutral	0.025	0.001	0.002	0.006	0.300	0.000	0.666
neutral	0.037	0.001	0.002	0.012	0.285	0.000	0.661
happy	0.086	0.000	0.047	0.757	0.044	0.014	0.053
neutral	0.052	0.000	0.002	0.012	0.250	0.001	0.683
neutral	0.121	0.000	0.001	0.077	0.047	0.000	0.754
neutral	0.113	0.000	0.003	0.072	0.069	0.001	0.743
neutral	0.160	0.000	0.003	0.058	0.089	0.001	0.689
neutral	0.142	0.000	0.003	0.139	0.038	0.002	0.676
neutral	0.148	0.000	0.006	0.052	0.094	0.002	0.698
neutral	0.157	0.000	0.003	0.103	0.056	0.002	0.678
neutral	0.056	0.000	0.001	0.103	0.052	0.001	0.788
neutral	0.043	0.000	0.001	0.102	0.073	0.000	0.781
neutral	0.040	0.000	0.001	0.058	0.079	0.000	0.821
neutral	0.033	0.000	0.001	0.036	0.054	0.000	0.875
neutral	0.072	0.001	0.002	0.028	0.186	0.000	0.709
neutral	0.091	0.000	0.001	0.026	0.077	0.001	0.804
neutral	0.081	0.000	0.000	0.031	0.058	0.001	0.828
neutral	0.038	0.000	0.001	0.140	0.140	0.000	0.680
neutral	0.019	0.000	0.001	0.113	0.058	0.000	0.808
neutral	0.041	0.000	0.001	0.052	0.087	0.000	0.818
neutral	0.023	0.000	0.002	0.018	0.115	0.001	0.841
neutral	0.017	0.001	0.001	0.024	0.160	0.001	0.797
neutral	0.023	0.000	0.001	0.032	0.053	0.001	0.891
neutral	0.042	0.000	0.001	0.043	0.076	0.002	0.836
neutral	0.061	0.000	0.001	0.040	0.119	0.000	0.779
neutral	0.072	0.000	0.001	0.079	0.073	0.001	0.774
neutral	0.105	0.000	0.002	0.077	0.130	0.000	0.686
neutral	0.078	0.000	0.001	0.104	0.138	0.000	0.679
neutral	0.072	0.000	0.001	0.090	0.070	0.001	0.765
neutral	0.083	0.000	0.002	0.091	0.121	0.000	0.703
neutral	0.130	0.000	0.001	0.067	0.073	0.001	0.729
neutral	0.104	0.000	0.001	0.077	0.086	0.000	0.731
neutral	0.105	0.000	0.001	0.084	0.123	0.000	0.686
neutral	0.102	0.000	0.002	0.078	0.119	0.000	0.698
neutral	0.071	0.000	0.001	0.112	0.045	0.001	0.770
neutral	0.080	0.000	0.001	0.074	0.066	0.001	0.778
neutral	0.064	0.000	0.001	0.039	0.062	0.000	0.834
neutral	0.055	0.000	0.001	0.072	0.045	0.000	0.827
neutral	0.040	0.000	0.001	0.067	0.067	0.000	0.824
neutral	0.047	0.000	0.001	0.076	0.055	0.001	0.820
neutral	0.045	0.001	0.001	0.119	0.067	0.002	0.765
neutral	0.033	0.000	0.001	0.086	0.055	0.001	0.824
neutral	0.039	0.000	0.001	0.080	0.048	0.001	0.832
neutral	0.057	0.000	0.001	0.060	0.061	0.001	0.820
neutral	0.065	0.000	0.002	0.042	0.104	0.001	0.786
neutral	0.058	0.000	0.001	0.056	0.076	0.001	0.808
neutral	0.048	0.000	0.001	0.061	0.068	0.003	0.819
neutral	0.068	0.000	0.001	0.072	0.069	0.003	0.787
neutral	0.082	0.000	0.001	0.087	0.069	0.002	0.759
neutral	0.084	0.000	0.001	0.095	0.081	0.001	0.738
neutral	0.079	0.000	0.001	0.093	0.063	0.002	0.761
neutral	0.074	0.000	0.001	0.097	0.061	0.002	0.765
neutral	0.087	0.000	0.001	0.104	0.052	0.003	0.752
neutral	0.078	0.000	0.001	0.064	0.058	0.003	0.796
neutral	0.086	0.000	0.001	0.051	0.048	0.003	0.811
neutral	0.078	0.000	0.001	0.113	0.055	0.002	0.750
neutral	0.103	0.000	0.001	0.060	0.063	0.003	0.771
neutral	0.085	0.000	0.001	0.092	0.067	0.002	0.754
neutral	0.112	0.000	0.001	0.061	0.068	0.003	0.755
neutral	0.083	0.000	0.001	0.084	0.056	0.002	0.773
neutral	0.094	0.000	0.001	0.069	0.054	0.003	0.779
neutral	0.094	0.000	0.001	0.080	0.068	0.002	0.755
neutral	0.076	0.000	0.001	0.077	0.067	0.001	0.778
neutral	0.090	0.000	0.001	0.064	0.074	0.001	0.770
neutral	0.070	0.000	0.001	0.100	0.059	0.002	0.769
neutral	0.093	0.000	0.001	0.073	0.061	0.001	0.771
neutral	0.086	0.000	0.001	0.119	0.056	0.001	0.736
neutral	0.097	0.000	0.001	0.109	0.065	0.001	0.727
neutral	0.103	0.000	0.002	0.081	0.074	0.002	0.738
neutral	0.129	0.000	0.001	0.082	0.068	0.001	0.718
neutral	0.091	0.000	0.001	0.092	0.056	0.001	0.759
neutral	0.106	0.000	0.001	0.082	0.058	0.001	0.751
neutral	0.071	0.000	0.001	0.066	0.049	0.001	0.812
neutral	0.075	0.000	0.001	0.058	0.052	0.001	0.812
happy	0.162	0.000	0.012	0.486	0.163	0.013	0.164
neutral	0.061	0.000	0.001	0.046	0.052	0.002	0.838
neutral	0.075	0.000	0.001	0.071	0.053	0.001	0.799
neutral	0.069	0.000	0.001	0.052	0.048	0.001	0.828
neutral	0.084	0.000	0.001	0.068	0.051	0.001	0.794
neutral	0.042	0.000	0.002	0.050	0.074	0.002	0.831
happy	0.167	0.000	0.037	0.593	0.093	0.008	0.103
neutral	0.058	0.001	0.002	0.052	0.130	0.001	0.755
neutral	0.072	0.000	0.002	0.038	0.123	0.001	0.764
neutral	0.061	0.000	0.002	0.046	0.138	0.001	0.752
neutral	0.056	0.000	0.002	0.040	0.140	0.001	0.760
neutral	0.117	0.000	0.001	0.072	0.073	0.001	0.736
neutral	0.117	0.000	0.001	0.056	0.058	0.001	0.767
neutral	0.107	0.000	0.001	0.069	0.059	0.001	0.764
neutral	0.123	0.000	0.001	0.064	0.066	0.002	0.744
neutral	0.162	0.000	0.001	0.044	0.079	0.001	0.714
neutral	0.100	0.000	0.001	0.093	0.068	0.001	0.736
neutral	0.123	0.000	0.001	0.072	0.067	0.001	0.735
neutral	0.096	0.000	0.001	0.076	0.062	0.001	0.764
neutral	0.036	0.001	0.001	0.034	0.118	0.001	0.809
neutral	0.060	0.000	0.002	0.025	0.174	0.001	0.738
neutral	0.043	0.001	0.002	0.041	0.119	0.001	0.793
neutral	0.119	0.000	0.001	0.071	0.061	0.001	0.747
neutral	0.110	0.000	0.001	0.059	0.077	0.001	0.752
neutral	0.126	0.000	0.001	0.060	0.075	0.001	0.737
neutral	0.133	0.000	0.001	0.061	0.065	0.003	0.736
neutral	0.161	0.000	0.001	0.074	0.069	0.001	0.695
neutral	0.138	0.000	0.001	0.070	0.107	0.000	0.684
neutral	0.070	0.000	0.001	0.085	0.061	0.000	0.784
neutral	0.059	0.000	0.001	0.084	0.063	0.000	0.793
neutral	0.130	0.000	0.001	0.041	0.074	0.001	0.753
neutral	0.162	0.000	0.001	0.049	0.086	0.001	0.701
neutral	0.127	0.000	0.001	0.058	0.079	0.001	0.733
neutral	0.027	0.000	0.002	0.040	0.143	0.000	0.787
neutral	0.049	0.001	0.002	0.019	0.176	0.001	0.753
neutral	0.028	0.001	0.002	0.038	0.106	0.001	0.825
neutral	0.039	0.001	0.001	0.032	0.129	0.001	0.797
neutral	0.046	0.001	0.002	0.030	0.152	0.001	0.768
neutral	0.043	0.001	0.002	0.027	0.177	0.001	0.748
neutral	0.037	0.001	0.002	0.048	0.124	0.001	0.787
neutral	0.089	0.001	0.002	0.025	0.233	0.001	0.650
neutral	0.080	0.000	0.001	0.113	0.084	0.001	0.720
neutral	0.113	0.000	0.001	0.086	0.078	0.001	0.720
neutral	0.124	0.000	0.001	0.054	0.085	0.000	0.735
neutral	0.112	0.000	0.001	0.069	0.049	0.001	0.767
neutral	0.111	0.000	0.001	0.067	0.057	0.001	0.763
neutral	0.026	0.001	0.002	0.047	0.092	0.002	0.830
neutral	0.068	0.001	0.002	0.033	0.168	0.001	0.728
neutral	0.032	0.001	0.002	0.072	0.080	0.002	0.812
neutral	0.051	0.000	0.002	0.060	0.124	0.001	0.762
neutral	0.064	0.000	0.001	0.070	0.134	0.001	0.730
neutral	0.051	0.000	0.001	0.081	0.067	0.002	0.797
neutral	0.037	0.000	0.002	0.022	0.223	0.000	0.716
neutral	0.042	0.001	0.002	0.041	0.137	0.001	0.775
neutral	0.071	0.000	0.001	0.053	0.085	0.002	0.787
neutral	0.046	0.000	0.001	0.065	0.065	0.002	0.822
neutral	0.074	0.001	0.001	0.073	0.139	0.001	0.711
neutral	0.092	0.001	0.001	0.059	0.127	0.001	0.719
neutral	0.070	0.001	0.001	0.063	0.139	0.000	0.726
neutral	0.046	0.001	0.001	0.137	0.086	0.001	0.728
neutral	0.063	0.000	0.001	0.098	0.049	0.001	0.788
neutral	0.045	0.001	0.002	0.064	0.105	0.002	0.780
neutral	0.037	0.000	0.002	0.065	0.089	0.002	0.805
neutral	0.034	0.001	0.002	0.034	0.084	0.002	0.845
neutral	0.029	0.001	0.001	0.074	0.052	0.002	0.842
neutral	0.048	0.000	0.002	0.052	0.106	0.001	0.791
neutral	0.036	0.000	0.000	0.098	0.031	0.001	0.834
neutral	0.047	0.000	0.001	0.175	0.025	0.002	0.752
neutral	0.032	0.000	0.001	0.272	0.021	0.002	0.673
neutral	0.023	0.000	0.000	0.318	0.016	0.001	0.641
neutral	0.056	0.000	0.000	0.334	0.021	0.001	0.587
happy	0.012	0.000	0.000	0.494	0.007	0.002	0.484
happy	0.008	0.000	0.000	0.589	0.002	0.003	0.397
neutral	0.018	0.000	0.000	0.484	0.010	0.002	0.485
neutral	0.027	0.000	0.000	0.329	0.016	0.002	0.626
neutral	0.020	0.000	0.002	0.311	0.039	0.003	0.626
neutral	0.036	0.000	0.002	0.184	0.049	0.004	0.726
neutral	0.025	0.000	0.001	0.128	0.043	0.003	0.800
neutral	0.022	0.000	0.001	0.123	0.029	0.002	0.823
neutral	0.027	0.000	0.002	0.067	0.064	0.001	0.839
neutral	0.026	0.000	0.002	0.068	0.073	0.002	0.829
neutral	0.035	0.000	0.003	0.089	0.093	0.003	0.777
neutral	0.060	0.000	0.002	0.114	0.122	0.002	0.700
neutral	0.050	0.000	0.001	0.186	0.060	0.001	0.701
neutral	0.056	0.000	0.001	0.107	0.037	0.002	0.798
happy	0.077	0.000	0.027	0.710	0.041	0.032	0.112
neutral	0.036	0.000	0.001	0.099	0.030	0.002	0.832
neutral	0.049	0.000	0.001	0.103	0.033	0.003	0.811
neutral	0.050	0.000	0.001	0.087	0.053	0.002	0.806
neutral	0.055	0.001	0.001	0.067	0.090	0.001	0.786
neutral	0.070	0.000	0.001	0.040	0.070	0.002	0.816
neutral	0.073	0.000	0.002	0.066	0.129	0.001	0.729
neutral	0.076	0.000	0.001	0.060	0.095	0.001	0.766
neutral	0.055	0.001	0.002	0.102	0.116	0.001	0.725
neutral	0.063	0.000	0.002	0.066	0.089	0.002	0.777
neutral	0.065	0.000	0.002	0.087	0.125	0.001	0.720
neutral	0.042	0.000	0.002	0.073	0.062	0.002	0.819
neutral	0.047	0.000	0.002	0.086	0.095	0.003	0.767
neutral	0.044	0.000	0.002	0.094	0.103	0.003	0.753
neutral	0.026	0.000	0.001	0.078	0.031	0.002	0.863
neutral	0.033	0.000	0.002	0.069	0.081	0.002	0.813
neutral	0.035	0.000	0.001	0.070	0.041	0.002	0.851
neutral	0.036	0.000	0.001	0.080	0.037	0.002	0.845
neutral	0.122	0.000	0.001	0.102	0.066	0.002	0.707
neutral	0.113	0.000	0.001	0.039	0.099	0.001	0.747
neutral	0.079	0.000	0.001	0.102	0.051	0.003	0.765
neutral	0.055	0.000	0.001	0.070	0.051	0.002	0.821
neutral	0.049	0.000	0.001	0.068	0.034	0.003	0.844
neutral	0.051	0.000	0.001	0.084	0.040	0.003	0.821
neutral	0.055	0.000	0.001	0.060	0.063	0.002	0.819
neutral	0.052	0.000	0.001	0.059	0.057	0.002	0.829
neutral	0.048	0.000	0.001	0.076	0.042	0.002	0.831
neutral	0.073	0.000	0.002	0.052	0.077	0.002	0.794
neutral	0.069	0.000	0.002	0.048	0.115	0.001	0.765
neutral	0.057	0.001	0.003	0.045	0.091	0.006	0.797
neutral	0.045	0.000	0.002	0.064	0.091	0.004	0.793
neutral	0.063	0.000	0.002	0.058	0.080	0.005	0.793
neutral	0.088	0.000	0.002	0.054	0.095	0.005	0.756
neutral	0.053	0.000	0.002	0.041	0.100	0.004	0.800
neutral	0.041	0.000	0.001	0.064	0.054	0.003	0.836
neutral	0.041	0.000	0.001	0.092	0.061	0.002	0.803
neutral	0.073	0.000	0.002	0.066	0.083	0.003	0.772
neutral	0.080	0.000	0.001	0.052	0.062	0.001	0.805
neutral	0.093	0.000	0.001	0.059	0.059	0.004	0.785
neutral	0.046	0.000	0.001	0.044	0.049	0.002	0.858
neutral	0.031	0.002	0.003	0.026	0.166	0.001	0.771
neutral	0.032	0.001	0.003	0.056	0.112	0.001	0.795
neutral	0.036	0.000	0.002	0.113	0.117	0.001	0.731
neutral	0.033	0.001	0.003	0.122	0.103	0.002	0.737
neutral	0.031	0.001	0.003	0.111	0.103	0.001	0.751
neutral	0.120	0.000	0.002	0.032	0.157	0.001	0.687
neutral	0.058	0.000	0.001	0.094	0.059	0.002	0.786
neutral	0.041	0.000	0.001	0.070	0.066	0.001	0.820
neutral	0.062	0.000	0.001	0.078	0.082	0.002	0.774
neutral	0.096	0.000	0.002	0.058	0.118	0.002	0.725
neutral	0.057	0.000	0.001	0.075	0.068	0.001	0.798
neutral	0.084	0.000	0.001	0.057	0.060	0.001	0.797
neutral	0.076	0.000	0.001	0.077	0.072	0.001	0.773
neutral	0.056	0.000	0.001	0.065	0.067	0.001	0.810
neutral	0.068	0.000	0.001	0.049	0.095	0.000	0.786
neutral	0.061	0.001	0.001	0.065	0.082	0.001	0.789
neutral	0.058	0.000	0.001	0.075	0.060	0.001	0.805
neutral	0.053	0.000	0.001	0.052	0.066	0.001	0.826
neutral	0.067	0.000	0.001	0.041	0.095	0.001	0.795
neutral	0.079	0.000	0.002	0.043	0.113	0.001	0.762
happy	0.115	0.000	0.030	0.580	0.100	0.008	0.168
neutral	0.057	0.000	0.002	0.049	0.112	0.001	0.780
neutral	0.039	0.000	0.002	0.049	0.072	0.001	0.837
neutral	0.037	0.000	0.001	0.040	0.054	0.001	0.866
neutral	0.045	0.000	0.003	0.054	0.113	0.001	0.783
neutral	0.045	0.000	0.002	0.069	0.099	0.001	0.784
neutral	0.048	0.000	0.002	0.042	0.090	0.001	0.817
neutral	0.047	0.000	0.002	0.059	0.085	0.001	0.806
neutral	0.077	0.001	0.003	0.037	0.192	0.000	0.691
neutral	0.038	0.001	0.002	0.028	0.116	0.001	0.814
neutral	0.041	0.001	0.002	0.042	0.107	0.000	0.808
happy	0.113	0.000	0.028	0.527	0.135	0.016	0.181
neutral	0.030	0.000	0.001	0.056	0.055	0.001	0.856
neutral	0.038	0.000	0.002	0.069	0.084	0.001	0.806
neutral	0.028	0.001	0.001	0.060	0.053	0.001	0.856
happy	0.116	0.000	0.021	0.572	0.151	0.006	0.133
neutral	0.037	0.001	0.002	0.080	0.076	0.001	0.803
happy	0.164	0.000	0.035	0.454	0.184	0.005	0.157
neutral	0.031	0.000	0.002	0.031	0.152	0.001	0.782
neutral	0.033	0.000	0.002	0.014	0.185	0.000	0.765
happy	0.119	0.000	0.035	0.580	0.130	0.011	0.126
neutral	0.042	0.002	0.003	0.031	0.178	0.001	0.742
happy	0.126	0.000	0.031	0.575	0.133	0.013	0.122
neutral	0.024	0.000	0.001	0.030	0.089	0.001	0.855
neutral	0.029	0.000	0.002	0.029	0.099	0.001	0.840
happy	0.148	0.000	0.060	0.538	0.112	0.035	0.106
neutral	0.057	0.002	0.003	0.036	0.196	0.001	0.706
happy	0.160	0.000	0.063	0.546	0.105	0.035	0.089
neutral	0.031	0.001	0.002	0.033	0.108	0.001	0.825
neutral	0.015	0.000	0.001	0.130	0.028	0.002	0.824
neutral	0.027	0.000	0.001	0.116	0.043	0.001	0.812
neutral	0.028	0.000	0.001	0.152	0.045	0.001	0.773
neutral	0.020	0.000	0.001	0.154	0.035	0.001	0.788
happy	0.082	0.000	0.022	0.701	0.080	0.011	0.104
neutral	0.041	0.000	0.001	0.136	0.088	0.001	0.732
neutral	0.032	0.000	0.001	0.068	0.050	0.001	0.849
happy	0.102	0.000	0.024	0.523	0.150	0.014	0.187
neutral	0.044	0.001	0.001	0.095	0.073	0.001	0.785
neutral	0.023	0.000	0.001	0.055	0.042	0.001	0.878
neutral	0.021	0.000	0.001	0.054	0.041	0.001	0.882
neutral	0.025	0.000	0.001	0.072	0.056	0.001	0.844
neutral	0.046	0.000	0.001	0.057	0.071	0.002	0.823
neutral	0.025	0.000	0.001	0.075	0.073	0.002	0.823
happy	0.070	0.000	0.022	0.502	0.206	0.009	0.192
neutral	0.024	0.001	0.002	0.045	0.084	0.001	0.843
neutral	0.027	0.000	0.002	0.078	0.072	0.003	0.819
neutral	0.024	0.000	0.002	0.072	0.073	0.001	0.828
neutral	0.025	0.001	0.001	0.044	0.051	0.001	0.877
neutral	0.082	0.000	0.001	0.059	0.115	0.002	0.740
happy	0.109	0.000	0.013	0.591	0.155	0.007	0.125
neutral	0.029	0.000	0.001	0.078	0.052	0.001	0.840
neutral	0.037	0.000	0.002	0.076	0.061	0.002	0.823
happy	0.083	0.000	0.020	0.491	0.178	0.007	0.220
neutral	0.016	0.000	0.002	0.045	0.103	0.001	0.833
neutral	0.045	0.002	0.003	0.028	0.198	0.002	0.722
neutral	0.023	0.001	0.001	0.057	0.086	0.001	0.831
neutral	0.024	0.001	0.001	0.050	0.083	0.001	0.840
neutral	0.027	0.001	0.002	0.051	0.087	0.001	0.831
neutral	0.040	0.000	0.001	0.047	0.081	0.001	0.829
neutral	0.033	0.000	0.001	0.059	0.062	0.002	0.842
neutral	0.038	0.000	0.001	0.069	0.053	0.002	0.837
neutral	0.038	0.000	0.001	0.060	0.052	0.002	0.848
neutral	0.034	0.000	0.001	0.060	0.063	0.002	0.839
neutral	0.035	0.000	0.001	0.047	0.065	0.002	0.850
neutral	0.031	0.000	0.001	0.046	0.055	0.002	0.865
neutral	0.030	0.000	0.001	0.075	0.040	0.003	0.851
neutral	0.051	0.000	0.001	0.059	0.053	0.003	0.833
neutral	0.043	0.000	0.001	0.060	0.047	0.003	0.846
neutral	0.041	0.000	0.001	0.040	0.098	0.001	0.818
happy	0.098	0.000	0.023	0.448	0.176	0.007	0.248
neutral	0.042	0.000	0.002	0.045	0.105	0.001	0.805
neutral	0.024	0.000	0.001	0.030	0.084	0.001	0.859
neutral	0.052	0.000	0.002	0.042	0.153	0.001	0.750
neutral	0.024	0.000	0.002	0.025	0.114	0.001	0.835
happy	0.123	0.000	0.037	0.528	0.183	0.004	0.125
neutral	0.025	0.000	0.002	0.026	0.145	0.001	0.802
happy	0.114	0.000	0.027	0.414	0.179	0.008	0.258
neutral	0.033	0.001	0.001	0.038	0.121	0.001	0.806
happy	0.121	0.000	0.045	0.563	0.125	0.011	0.136
neutral	0.035	0.000	0.001	0.036	0.096	0.001	0.830
neutral	0.044	0.000	0.001	0.071	0.079	0.002	0.802
neutral	0.053	0.000	0.001	0.068	0.101	0.001	0.776
neutral	0.057	0.000	0.001	0.030	0.096	0.001	0.815
happy	0.122	0.000	0.026	0.446	0.160	0.017	0.230
neutral	0.045	0.000	0.001	0.040	0.083	0.001	0.829
neutral	0.041	0.000	0.001	0.040	0.126	0.000	0.791
neutral	0.039	0.001	0.001	0.051	0.080	0.001	0.827
neutral	0.037	0.001	0.002	0.057	0.107	0.001	0.797
neutral	0.037	0.001	0.001	0.061	0.102	0.001	0.796
neutral	0.028	0.000	0.001	0.060	0.082	0.001	0.826
neutral	0.070	0.001	0.002	0.041	0.113	0.001	0.772
happy	0.119	0.000	0.013	0.548	0.177	0.004	0.138
neutral	0.036	0.000	0.001	0.055	0.065	0.001	0.841
neutral	0.049	0.000	0.002	0.063	0.102	0.001	0.782
happy	0.119	0.000	0.034	0.542	0.148	0.006	0.151
neutral	0.038	0.000	0.002	0.034	0.094	0.001	0.830
happy	0.145	0.000	0.037	0.396	0.213	0.012	0.196
neutral	0.050	0.000	0.002	0.035	0.176	0.000	0.735
happy	0.180	0.000	0.048	0.302	0.226	0.014	0.229
neutral	0.059	0.001	0.003	0.025	0.224	0.000	0.688
neutral	0.036	0.000	0.002	0.042	0.074	0.001	0.845
neutral	0.055	0.001	0.002	0.029	0.148	0.001	0.764
neutral	0.071	0.000	0.002	0.027	0.111	0.001	0.789
neutral	0.071	0.000	0.001	0.026	0.144	0.001	0.757
neutral	0.048	0.000	0.002	0.028	0.088	0.001	0.834
neutral	0.055	0.001	0.002	0.027	0.109	0.001	0.805
neutral	0.040	0.000	0.001	0.050	0.058	0.001	0.850
neutral	0.039	0.000	0.002	0.034	0.088	0.001	0.835
neutral	0.059	0.000	0.001	0.034	0.088	0.000	0.817
neutral	0.057	0.000	0.001	0.045	0.064	0.002	0.831
neutral	0.054	0.000	0.002	0.029	0.089	0.001	0.825
neutral	0.065	0.000	0.002	0.036	0.111	0.001	0.785
neutral	0.066	0.000	0.001	0.026	0.090	0.001	0.815
neutral	0.060	0.000	0.001	0.026	0.122	0.000	0.789
happy	0.165	0.000	0.036	0.445	0.126	0.013	0.214
neutral	0.045	0.000	0.002	0.031	0.155	0.001	0.766
neutral	0.071	0.001	0.001	0.022	0.193	0.001	0.712
happy	0.106	0.000	0.038	0.553	0.135	0.026	0.142
neutral	0.057	0.001	0.001	0.029	0.203	0.000	0.709
neutral	0.059	0.001	0.001	0.026	0.156	0.000	0.757
neutral	0.056	0.000	0.001	0.037	0.055	0.001	0.850
neutral	0.039	0.000	0.001	0.046	0.052	0.001	0.860
happy	0.096	0.000	0.020	0.673	0.063	0.039	0.109
neutral	0.056	0.000	0.001	0.030	0.075	0.001	0.837
happy	0.172	0.000	0.040	0.527	0.096	0.015	0.150
neutral	0.032	0.000	0.001	0.044	0.045	0.002	0.876
neutral	0.044	0.000	0.001	0.028	0.088	0.001	0.837
neutral	0.052	0.000	0.001	0.029	0.133	0.001	0.784
neutral	0.050	0.001	0.001	0.027	0.166	0.000	0.755
neutral	0.044	0.000	0.002	0.019	0.172	0.000	0.763
neutral	0.031	0.000	0.001	0.021	0.097	0.001	0.847
happy	0.198	0.000	0.035	0.477	0.127	0.009	0.154
neutral	0.029	0.001	0.001	0.029	0.113	0.000	0.827
neutral	0.028	0.000	0.002	0.021	0.127	0.001	0.820
neutral	0.033	0.000	0.001	0.021	0.134	0.001	0.809
happy	0.121	0.000	0.035	0.340	0.291	0.008	0.205
neutral	0.040	0.000	0.002	0.041	0.151	0.001	0.765
neutral	0.034	0.001	0.002	0.053	0.093	0.001	0.817
happy	0.161	0.000	0.030	0.416	0.274	0.010	0.110
neutral	0.042	0.001	0.002	0.044	0.121	0.001	0.790
neutral	0.029	0.001	0.001	0.070	0.074	0.001	0.825
neutral	0.064	0.001	0.002	0.041	0.166	0.000	0.726
happy	0.250	0.000	0.066	0.419	0.136	0.016	0.112
neutral	0.031	0.000	0.002	0.035	0.082	0.002	0.849
happy	0.126	0.000	0.035	0.463	0.177	0.022	0.176
neutral	0.044	0.000	0.001	0.033	0.079	0.001	0.842
neutral	0.048	0.000	0.002	0.065	0.098	0.001	0.787
neutral	0.031	0.001	0.002	0.035	0.103	0.001	0.827
neutral	0.059	0.000	0.001	0.055	0.092	0.001	0.791
happy	0.111	0.000	0.033	0.465	0.133	0.010	0.247
neutral	0.040	0.001	0.001	0.064	0.082	0.001	0.811
neutral	0.065	0.000	0.001	0.058	0.101	0.001	0.774
neutral	0.074	0.001	0.001	0.038	0.143	0.001	0.742
neutral	0.037	0.001	0.001	0.037	0.058	0.001	0.866
neutral	0.050	0.001	0.001	0.040	0.076	0.001	0.831
happy	0.298	0.000	0.044	0.318	0.140	0.022	0.179
neutral	0.042	0.000	0.001	0.053	0.066	0.002	0.836
neutral	0.061	0.000	0.002	0.044	0.139	0.001	0.753
neutral	0.057	0.000	0.002	0.069	0.140	0.001	0.731
neutral	0.054	0.000	0.001	0.045	0.072	0.003	0.824
neutral	0.038	0.001	0.002	0.047	0.087	0.001	0.824
happy	0.218	0.000	0.043	0.403	0.156	0.007	0.173
neutral	0.065	0.000	0.002	0.059	0.107	0.002	0.765
neutral	0.032	0.000	0.001	0.048	0.050	0.001	0.869
neutral	0.066	0.000	0.002	0.050	0.098	0.002	0.781
neutral	0.056	0.000	0.001	0.023	0.091	0.002	0.827
neutral	0.061	0.000	0.002	0.058	0.109	0.001	0.768
neutral	0.053	0.000	0.002	0.059	0.072	0.002	0.812
neutral	0.025	0.001	0.002	0.029	0.098	0.001	0.845
neutral	0.043	0.000	0.003	0.054	0.136	0.001	0.763
neutral	0.048	0.000	0.002	0.053	0.114	0.001	0.781
neutral	0.057	0.000	0.002	0.069	0.125	0.001	0.746
neutral	0.047	0.001	0.002	0.045	0.100	0.002	0.804
neutral	0.040	0.000	0.002	0.042	0.073	0.002	0.841
neutral	0.048	0.000	0.001	0.047	0.065	0.001	0.837
neutral	0.053	0.000	0.003	0.028	0.127	0.002	0.787
neutral	0.055	0.000	0.003	0.049	0.116	0.001	0.776
happy	0.170	0.000	0.043	0.322	0.237	0.015	0.214
neutral	0.041	0.001	0.002	0.035	0.118	0.001	0.802
neutral	0.043	0.000	0.002	0.032	0.087	0.002	0.835
neutral	0.050	0.001	0.002	0.051	0.142	0.001	0.753
neutral	0.031	0.001	0.002	0.038	0.085	0.001	0.843
neutral	0.037	0.001	0.002	0.040	0.150	0.001	0.769
neutral	0.040	0.001	0.002	0.022	0.168	0.001	0.765
neutral	0.069	0.001	0.002	0.028	0.185	0.001	0.714
neutral	0.078	0.001	0.003	0.068	0.165	0.001	0.684
neutral	0.121	0.001	0.002	0.044	0.230	0.001	0.601
neutral	0.065	0.000	0.002	0.066	0.115	0.001	0.750
neutral	0.098	0.001	0.002	0.065	0.270	0.000	0.564
neutral	0.101	0.000	0.001	0.053	0.141	0.001	0.702
neutral	0.062	0.000	0.001	0.060	0.051	0.001	0.825
neutral	0.062	0.000	0.001	0.069	0.059	0.001	0.808
neutral	0.088	0.000	0.001	0.069	0.083	0.001	0.758
neutral	0.091	0.000	0.001	0.073	0.088	0.001	0.746
neutral	0.059	0.000	0.001	0.098	0.060	0.001	0.781
neutral	0.090	0.000	0.001	0.082	0.066	0.003	0.758
neutral	0.080	0.000	0.001	0.076	0.055	0.001	0.787
neutral	0.085	0.000	0.001	0.078	0.064	0.001	0.771
neutral	0.078	0.000	0.001	0.063	0.064	0.002	0.792
neutral	0.094	0.000	0.001	0.056	0.090	0.001	0.758
happy	0.178	0.001	0.024	0.504	0.136	0.013	0.144
neutral	0.078	0.000	0.001	0.064	0.064	0.002	0.790
neutral	0.108	0.000	0.001	0.051	0.103	0.001	0.737
neutral	0.130	0.000	0.001	0.047	0.103	0.001	0.719
neutral	0.129	0.000	0.001	0.039	0.078	0.002	0.752
neutral	0.123	0.000	0.001	0.049	0.068	0.001	0.758
neutral	0.071	0.000	0.001	0.081	0.054	0.001	0.792
neutral	0.113	0.000	0.001	0.034	0.074	0.001	0.777
neutral	0.031	0.001	0.002	0.025	0.100	0.001	0.839
neutral	0.031	0.000	0.001	0.036	0.110	0.001	0.820
neutral	0.033	0.000	0.001	0.029	0.181	0.000	0.754
neutral	0.042	0.001	0.001	0.042	0.160	0.001	0.754
neutral	0.065	0.000	0.001	0.072	0.102	0.001	0.759
neutral	0.059	0.000	0.000	0.052	0.037	0.001	0.851
neutral	0.062	0.000	0.001	0.063	0.103	0.000	0.770
neutral	0.060	0.000	0.001	0.055	0.155	0.000	0.728
neutral	0.063	0.000	0.001	0.057	0.068	0.001	0.810
neutral	0.082	0.000	0.001	0.046	0.095	0.001	0.775
neutral	0.081	0.000	0.001	0.035	0.085	0.001	0.797
neutral	0.090	0.000	0.001	0.046	0.067	0.001	0.796
neutral	0.066	0.000	0.001	0.046	0.078	0.001	0.808
neutral	0.078	0.000	0.001	0.052	0.091	0.001	0.777
neutral	0.075	0.000	0.001	0.054	0.087	0.000	0.782
neutral	0.125	0.000	0.001	0.037	0.069	0.001	0.766
neutral	0.133	0.000	0.001	0.053	0.080	0.003	0.730
neutral	0.088	0.000	0.001	0.041	0.100	0.001	0.770
neutral	0.068	0.000	0.001	0.055	0.115	0.000	0.761
neutral	0.139	0.000	0.001	0.034	0.068	0.002	0.757
neutral	0.150	0.000	0.001	0.047	0.085	0.002	0.715
neutral	0.129	0.000	0.001	0.051	0.071	0.001	0.746
neutral	0.110	0.000	0.001	0.048	0.096	0.000	0.745
neutral	0.090	0.000	0.001	0.030	0.076	0.001	0.803
neutral	0.165	0.000	0.001	0.021	0.077	0.001	0.735
neutral	0.150	0.000	0.002	0.043	0.081	0.004	0.721
neutral	0.099	0.000	0.001	0.051	0.052	0.003	0.794
neutral	0.094	0.000	0.001	0.082	0.050	0.001	0.772
neutral	0.118	0.000	0.001	0.036	0.083	0.001	0.762
neutral	0.113	0.000	0.001	0.045	0.142	0.000	0.699
neutral	0.131	0.000	0.001	0.051	0.074	0.002	0.740
neutral	0.142	0.000	0.001	0.030	0.082	0.001	0.743
neutral	0.111	0.000	0.001	0.036	0.072	0.001	0.779
happy	0.149	0.000	0.026	0.604	0.114	0.010	0.097
neutral	0.110	0.000	0.001	0.047	0.074	0.002	0.765
neutral	0.101	0.000	0.001	0.051	0.081	0.002	0.764
neutral	0.077	0.000	0.001	0.075	0.084	0.001	0.762
neutral	0.095	0.000	0.001	0.051	0.066	0.002	0.785
neutral	0.106	0.000	0.002	0.028	0.144	0.001	0.718
neutral	0.093	0.000	0.002	0.040	0.105	0.001	0.759
neutral	0.086	0.000	0.002	0.041	0.089	0.001	0.781
neutral	0.055	0.000	0.001	0.099	0.053	0.001	0.791
sad	0.180	0.000	0.039	0.216	0.287	0.006	0.271
neutral	0.149	0.000	0.002	0.054	0.093	0.002	0.700
neutral	0.060	0.000	0.001	0.055	0.056	0.001	0.826
neutral	0.105	0.000	0.002	0.048	0.081	0.001	0.763
neutral	0.081	0.000	0.001	0.045	0.062	0.002	0.809
neutral	0.078	0.000	0.001	0.071	0.083	0.001	0.765
neutral	0.058	0.000	0.001	0.062	0.081	0.001	0.796
neutral	0.072	0.000	0.001	0.044	0.065	0.002	0.816
neutral	0.101	0.000	0.002	0.057	0.093	0.002	0.745
neutral	0.105	0.000	0.002	0.054	0.125	0.001	0.712
neutral	0.062	0.000	0.002	0.078	0.088	0.002	0.769
happy	0.242	0.000	0.046	0.435	0.166	0.015	0.097
neutral	0.056	0.000	0.001	0.050	0.060	0.002	0.831
neutral	0.044	0.000	0.001	0.079	0.037	0.001	0.837
neutral	0.075	0.000	0.002	0.073	0.086	0.001	0.763
neutral	0.048	0.000	0.001	0.053	0.061	0.001	0.836
neutral	0.052	0.000	0.001	0.058	0.047	0.002	0.840
neutral	0.066	0.000	0.002	0.031	0.083	0.001	0.817
neutral	0.072	0.000	0.001	0.029	0.098	0.002	0.797
neutral	0.092	0.000	0.002	0.028	0.129	0.001	0.747
neutral	0.086	0.000	0.002	0.028	0.105	0.002	0.778
neutral	0.078	0.000	0.003	0.014	0.256	0.001	0.649
neutral	0.037	0.000	0.001	0.026	0.183	0.001	0.751
neutral	0.035	0.000	0.002	0.012	0.145	0.001	0.805
neutral	0.027	0.000	0.002	0.027	0.078	0.001	0.865
neutral	0.032	0.000	0.002	0.014	0.124	0.001	0.828
sad	0.044	0.000	0.007	0.045	0.474	0.001	0.428
sad	0.045	0.000	0.009	0.030	0.517	0.002	0.398
sad	0.058	0.000	0.008	0.014	0.623	0.001	0.296
sad	0.045	0.000	0.006	0.031	0.460	0.002	0.455
neutral	0.077	0.000	0.012	0.043	0.372	0.001	0.496
neutral	0.074	0.000	0.005	0.017	0.328	0.000	0.575
neutral	0.078	0.000	0.006	0.023	0.249	0.002	0.641
neutral	0.080	0.000	0.004	0.039	0.217	0.001	0.659
neutral	0.031	0.000	0.005	0.022	0.301	0.000	0.640
neutral	0.046	0.000	0.004	0.033	0.206	0.000	0.710
