prediction	angry	disgust	fear	happy	sad	surprise	neutral
neutral	0.143	0.000	0.019	0.056	0.304	0.002	0.476
sad	0.167	0.000	0.022	0.007	0.438	0.002	0.364
sad	0.174	0.000	0.033	0.021	0.428	0.002	0.342
neutral	0.150	0.000	0.022	0.027	0.324	0.001	0.476
sad	0.173	0.000	0.028	0.015	0.432	0.001	0.351
sad	0.137	0.000	0.030	0.025	0.444	0.002	0.362
sad	0.142	0.000	0.029	0.019	0.464	0.002	0.345
sad	0.200	0.000	0.029	0.025	0.391	0.002	0.354
sad	0.130	0.000	0.031	0.024	0.435	0.002	0.378
sad	0.132	0.000	0.033	0.007	0.531	0.001	0.295
neutral	0.099	0.000	0.030	0.022	0.399	0.002	0.447
sad	0.134	0.000	0.030	0.015	0.413	0.001	0.406
neutral	0.113	0.000	0.028	0.016	0.386	0.002	0.455
sad	0.145	0.000	0.021	0.015	0.435	0.001	0.383
sad	0.185	0.000	0.024	0.015	0.460	0.001	0.314
sad	0.189	0.000	0.033	0.012	0.428	0.002	0.336
sad	0.131	0.000	0.022	0.008	0.537	0.001	0.301
sad	0.197	0.000	0.026	0.011	0.475	0.001	0.290
sad	0.156	0.000	0.041	0.023	0.439	0.002	0.338
neutral	0.133	0.000	0.056	0.023	0.354	0.002	0.433
sad	0.176	0.000	0.052	0.032	0.376	0.002	0.362
sad	0.193	0.000	0.066	0.041	0.349	0.002	0.349
sad	0.228	0.000	0.091	0.035	0.326	0.002	0.317
neutral	0.206	0.000	0.083	0.044	0.281	0.002	0.383
neutral	0.176	0.000	0.055	0.038	0.326	0.002	0.403
neutral	0.174	0.000	0.045	0.047	0.316	0.002	0.416
neutral	0.189	0.000	0.039	0.034	0.317	0.001	0.420
neutral	0.187	0.000	0.053	0.031	0.300	0.001	0.427
neutral	0.239	0.000	0.083	0.073	0.260	0.003	0.342
neutral	0.225	0.000	0.054	0.061	0.261	0.002	0.399
neutral	0.154	0.000	0.017	0.024	0.375	0.001	0.430
sad	0.201	0.000	0.024	0.015	0.477	0.001	0.281
sad	0.182	0.000	0.035	0.012	0.505	0.001	0.265
neutral	0.187	0.000	0.039	0.020	0.348	0.001	0.405
neutral	0.119	0.000	0.030	0.007	0.347	0.001	0.496
sad	0.102	0.000	0.047	0.021	0.428	0.004	0.399
neutral	0.113	0.000	0.043	0.011	0.379	0.003	0.451
sad	0.127	0.000	0.016	0.020	0.479	0.001	0.357
neutral	0.152	0.000	0.028	0.035	0.346	0.003	0.436
neutral	0.119	0.000	0.025	0.098	0.258	0.003	0.497
neutral	0.099	0.000	0.025	0.086	0.313	0.003	0.473
neutral	0.114	0.000	0.019	0.095	0.305	0.002	0.464
neutral	0.200	0.000	0.035	0.073	0.306	0.003	0.383
neutral	0.092	0.000	0.025	0.037	0.393	0.002	0.451
neutral	0.114	0.000	0.019	0.042	0.327	0.001	0.496
neutral	0.288	0.000	0.060	0.081	0.258	0.003	0.310
angry	0.335	0.000	0.069	0.070	0.314	0.005	0.207
angry	0.340	0.000	0.043	0.080	0.237	0.002	0.299
sad	0.184	0.000	0.040	0.087	0.347	0.003	0.339
neutral	0.190	0.000	0.051	0.064	0.287	0.003	0.405
sad	0.208	0.000	0.047	0.039	0.372	0.003	0.331
neutral	0.143	0.000	0.020	0.056	0.288	0.002	0.492
neutral	0.251	0.000	0.052	0.061	0.301	0.002	0.333
neutral	0.223	0.000	0.048	0.028	0.294	0.001	0.407
neutral	0.200	0.000	0.039	0.032	0.236	0.001	0.491
neutral	0.214	0.000	0.043	0.029	0.258	0.001	0.454
neutral	0.262	0.000	0.038	0.042	0.283	0.001	0.374
neutral	0.220	0.000	0.045	0.027	0.224	0.001	0.482
neutral	0.210	0.000	0.037	0.047	0.248	0.002	0.456
neutral	0.155	0.000	0.025	0.049	0.307	0.001	0.463
sad	0.114	0.000	0.024	0.022	0.439	0.003	0.399
sad	0.145	0.000	0.037	0.032	0.394	0.004	0.388
neutral	0.165	0.000	0.027	0.077	0.296	0.002	0.433
neutral	0.137	0.000	0.027	0.102	0.285	0.002	0.446
neutral	0.237	0.000	0.043	0.048	0.221	0.002	0.449
neutral	0.144	0.000	0.035	0.034	0.386	0.004	0.397
sad	0.174	0.000	0.023	0.012	0.493	0.001	0.296
neutral	0.107	0.000	0.013	0.015	0.411	0.001	0.452
neutral	0.144	0.000	0.013	0.013	0.405	0.001	0.424
neutral	0.111	0.000	0.018	0.020	0.337	0.001	0.513
neutral	0.088	0.000	0.015	0.011	0.417	0.001	0.470
neutral	0.108	0.000	0.014	0.013	0.329	0.000	0.536
sad	0.174	0.000	0.015	0.010	0.455	0.001	0.345
sad	0.222	0.000	0.028	0.013	0.458	0.004	0.275
sad	0.167	0.000	0.017	0.014	0.496	0.003	0.303
sad	0.145	0.000	0.017	0.021	0.429	0.001	0.387
sad	0.147	0.000	0.016	0.012	0.428	0.001	0.396
sad	0.130	0.000	0.010	0.014	0.585	0.001	0.260
sad	0.156	0.000	0.026	0.007	0.562	0.002	0.249
neutral	0.167	0.000	0.025	0.035	0.342	0.001	0.430
neutral	0.189	0.000	0.019	0.036	0.350	0.000	0.406
neutral	0.192	0.000	0.031	0.031	0.323	0.001	0.423
neutral	0.167	0.000	0.024	0.054	0.288	0.001	0.466
sad	0.210	0.000	0.038	0.056	0.399	0.001	0.295
neutral	0.109	0.000	0.033	0.042	0.402	0.004	0.410
neutral	0.116	0.000	0.032	0.030	0.365	0.004	0.453
neutral	0.127	0.000	0.033	0.024	0.374	0.003	0.439
neutral	0.125	0.000	0.020	0.035	0.329	0.002	0.489
neutral	0.132	0.000	0.022	0.041	0.333	0.004	0.469
sad	0.146	0.000	0.035	0.032	0.404	0.003	0.379
neutral	0.111	0.000	0.016	0.030	0.356	0.002	0.485
sad	0.124	0.000	0.031	0.036	0.447	0.004	0.358
sad	0.130	0.000	0.029	0.039	0.436	0.002	0.364
sad	0.175	0.000	0.048	0.032	0.405	0.004	0.336
sad	0.203	0.000	0.042	0.043	0.404	0.002	0.306
sad	0.174	0.000	0.031	0.020	0.453	0.001	0.321
neutral	0.255	0.000	0.020	0.029	0.347	0.001	0.348
sad	0.226	0.000	0.036	0.041	0.381	0.002	0.313
sad	0.194	0.000	0.035	0.026	0.422	0.002	0.321
sad	0.183	0.000	0.039	0.017	0.400	0.003	0.358
neutral	0.217	0.000	0.026	0.062	0.336	0.001	0.357
sad	0.190	0.000	0.040	0.035	0.401	0.004	0.329
neutral	0.157	0.000	0.025	0.045	0.371	0.001	0.400
neutral	0.288	0.000	0.026	0.032	0.309	0.002	0.343
neutral	0.137	0.000	0.036	0.038	0.367	0.002	0.419
neutral	0.172	0.000	0.035	0.043	0.299	0.002	0.449
sad	0.206	0.000	0.027	0.023	0.421	0.002	0.320
neutral	0.163	0.000	0.033	0.023	0.381	0.003	0.397
sad	0.218	0.000	0.035	0.016	0.425	0.001	0.304
sad	0.172	0.000	0.025	0.024	0.391	0.003	0.385
sad	0.161	0.000	0.041	0.031	0.406	0.003	0.359
sad	0.208	0.000	0.035	0.022	0.408	0.004	0.324
sad	0.202	0.000	0.039	0.028	0.427	0.003	0.301
sad	0.176	0.000	0.034	0.041	0.420	0.004	0.325
neutral	0.237	0.000	0.033	0.033	0.329	0.002	0.366
sad	0.153	0.000	0.049	0.032	0.424	0.005	0.338
sad	0.185	0.000	0.023	0.014	0.415	0.003	0.361
sad	0.219	0.000	0.030	0.010	0.447	0.002	0.292
sad	0.164	0.000	0.032	0.007	0.532	0.003	0.263
neutral	0.220	0.000	0.046	0.016	0.348	0.003	0.366
sad	0.142	0.000	0.048	0.022	0.408	0.005	0.376
sad	0.260	0.000	0.021	0.024	0.352	0.001	0.342
sad	0.187	0.000	0.018	0.017	0.415	0.001	0.360
sad	0.165	0.000	0.027	0.006	0.520	0.001	0.279
sad	0.155	0.000	0.031	0.009	0.484	0.003	0.318
sad	0.159	0.000	0.028	0.009	0.474	0.002	0.327
sad	0.153	0.000	0.027	0.009	0.475	0.002	0.334
sad	0.274	0.000	0.028	0.017	0.421	0.001	0.259
neutral	0.187	0.000	0.037	0.021	0.368	0.002	0.385
neutral	0.220	0.000	0.046	0.027	0.349	0.001	0.357
sad	0.184	0.000	0.036	0.022	0.401	0.002	0.355
sad	0.176	0.000	0.035	0.021	0.396	0.002	0.370
sad	0.211	0.000	0.030	0.020	0.406	0.003	0.330
sad	0.212	0.000	0.036	0.016	0.410	0.001	0.325
sad	0.170	0.000	0.028	0.017	0.416	0.003	0.365
sad	0.188	0.000	0.032	0.019	0.392	0.001	0.368
sad	0.204	0.000	0.041	0.013	0.379	0.001	0.361
sad	0.177	0.000	0.039	0.026	0.386	0.001	0.372
sad	0.187	0.000	0.034	0.033	0.383	0.002	0.361
neutral	0.162	0.000	0.033	0.026	0.383	0.002	0.394
sad	0.127	0.000	0.024	0.028	0.424	0.001	0.396
neutral	0.154	0.000	0.022	0.020	0.385	0.002	0.417
sad	0.149	0.000	0.024	0.017	0.476	0.002	0.332
sad	0.148	0.000	0.013	0.004	0.616	0.001	0.218
sad	0.181	0.000	0.016	0.006	0.568	0.001	0.227
sad	0.194	0.000	0.019	0.007	0.473	0.002	0.304
sad	0.173	0.000	0.024	0.013	0.404	0.002	0.385
neutral	0.159	0.000	0.034	0.028	0.329	0.003	0.447
neutral	0.174	0.000	0.039	0.022	0.340	0.002	0.424
neutral	0.130	0.000	0.039	0.034	0.367	0.003	0.427
neutral	0.157	0.000	0.036	0.028	0.360	0.003	0.417
neutral	0.142	0.000	0.039	0.021	0.384	0.003	0.411
neutral	0.129	0.000	0.044	0.034	0.359	0.005	0.429
neutral	0.113	0.000	0.023	0.016	0.380	0.002	0.466
neutral	0.131	0.000	0.046	0.033	0.342	0.003	0.445
neutral	0.120	0.000	0.039	0.032	0.349	0.003	0.457
sad	0.144	0.000	0.032	0.019	0.410	0.004	0.390
sad	0.173	0.000	0.042	0.019	0.430	0.002	0.335
neutral	0.146	0.000	0.044	0.032	0.330	0.005	0.443
sad	0.117	0.000	0.032	0.015	0.422	0.002	0.413
neutral	0.110	0.000	0.029	0.013	0.422	0.002	0.423
sad	0.167	0.000	0.037	0.020	0.427	0.002	0.347
sad	0.199	0.000	0.031	0.019	0.396	0.002	0.354
sad	0.189	0.000	0.031	0.015	0.428	0.002	0.334
neutral	0.149	0.000	0.030	0.020	0.397	0.004	0.400
neutral	0.150	0.000	0.028	0.028	0.386	0.002	0.405
sad	0.217	0.000	0.030	0.019	0.385	0.002	0.347
sad	0.198	0.000	0.028	0.017	0.488	0.001	0.267
sad	0.135	0.000	0.045	0.018	0.447	0.002	0.353
neutral	0.169	0.000	0.042	0.013	0.374	0.002	0.401
sad	0.161	0.000	0.034	0.021	0.424	0.002	0.358
sad	0.160	0.000	0.033	0.030	0.393	0.002	0.383
neutral	0.158	0.000	0.022	0.038	0.324	0.003	0.454
sad	0.189	0.000	0.032	0.026	0.409	0.002	0.342
sad	0.156	0.000	0.030	0.017	0.443	0.003	0.352
sad	0.165	0.000	0.013	0.010	0.569	0.001	0.243
sad	0.202	0.000	0.014	0.010	0.466	0.001	0.307
sad	0.162	0.000	0.024	0.010	0.467	0.002	0.334
sad	0.226	0.000	0.038	0.028	0.424	0.004	0.280
sad	0.180	0.000	0.033	0.021	0.488	0.002	0.275
sad	0.188	0.000	0.042	0.038	0.427	0.003	0.302
sad	0.284	0.000	0.043	0.026	0.386	0.003	0.258
neutral	0.171	0.000	0.037	0.038	0.356	0.005	0.393
sad	0.225	0.000	0.030	0.015	0.421	0.002	0.307
sad	0.144	0.000	0.020	0.014	0.435	0.001	0.385
neutral	0.138	0.000	0.020	0.026	0.355	0.002	0.459
sad	0.237	0.000	0.046	0.019	0.364	0.003	0.331
sad	0.163	0.000	0.035	0.020	0.416	0.003	0.362
sad	0.206	0.000	0.032	0.023	0.395	0.003	0.342
neutral	0.182	0.000	0.016	0.011	0.352	0.001	0.438
sad	0.165	0.000	0.030	0.022	0.394	0.003	0.386
sad	0.148	0.000	0.031	0.017	0.421	0.003	0.380
sad	0.136	0.000	0.026	0.016	0.469	0.002	0.352
sad	0.167	0.000	0.028	0.012	0.457	0.003	0.332
sad	0.185	0.000	0.029	0.011	0.445	0.002	0.327
sad	0.152	0.000	0.034	0.016	0.424	0.004	0.371
sad	0.130	0.000	0.029	0.020	0.445	0.004	0.372
sad	0.149	0.000	0.040	0.017	0.480	0.003	0.311
sad	0.175	0.000	0.036	0.031	0.423	0.003	0.332
sad	0.143	0.000	0.024	0.020	0.427	0.003	0.384
sad	0.124	0.000	0.028	0.014	0.459	0.003	0.373
sad	0.185	0.000	0.031	0.016	0.461	0.001	0.306
sad	0.170	0.000	0.033	0.024	0.460	0.001	0.312
neutral	0.148	0.000	0.030	0.023	0.394	0.003	0.402
sad	0.221	0.000	0.031	0.025	0.410	0.002	0.311
sad	0.136	0.000	0.027	0.017	0.454	0.002	0.364
sad	0.178	0.000	0.038	0.023	0.407	0.003	0.351
sad	0.143	0.000	0.023	0.023	0.408	0.002	0.401
sad	0.172	0.000	0.016	0.004	0.621	0.000	0.186
sad	0.156	0.000	0.020	0.011	0.512	0.001	0.299
sad	0.176	0.000	0.027	0.010	0.465	0.001	0.320
sad	0.191	0.000	0.024	0.010	0.457	0.001	0.317
sad	0.219	0.000	0.019	0.016	0.403	0.001	0.341
neutral	0.149	0.000	0.026	0.014	0.389	0.003	0.419
sad	0.243	0.000	0.028	0.009	0.444	0.001	0.275
sad	0.242	0.000	0.029	0.010	0.458	0.001	0.260
sad	0.144	0.000	0.021	0.008	0.437	0.002	0.388
sad	0.209	0.000	0.033	0.012	0.433	0.001	0.312
sad	0.153	0.000	0.027	0.012	0.538	0.002	0.269
sad	0.176	0.000	0.028	0.038	0.425	0.001	0.332
sad	0.172	0.000	0.026	0.008	0.494	0.002	0.298
sad	0.151	0.000	0.020	0.007	0.458	0.002	0.361
sad	0.164	0.000	0.024	0.018	0.403	0.003	0.388
sad	0.124	0.000	0.028	0.014	0.438	0.003	0.394
sad	0.145	0.000	0.036	0.016	0.469	0.003	0.331
sad	0.153	0.000	0.031	0.021	0.470	0.002	0.322
neutral	0.161	0.000	0.020	0.019	0.357	0.002	0.441
neutral	0.151	0.000	0.029	0.018	0.388	0.003	0.410
sad	0.133	0.000	0.031	0.013	0.472	0.003	0.348
neutral	0.174	0.000	0.017	0.013	0.372	0.002	0.421
sad	0.153	0.000	0.029	0.010	0.470	0.003	0.336
sad	0.118	0.000	0.014	0.006	0.558	0.001	0.304
neutral	0.159	0.000	0.014	0.030	0.257	0.001	0.538
sad	0.144	0.000	0.017	0.010	0.534	0.001	0.293
sad	0.187	0.000	0.029	0.010	0.504	0.002	0.268
sad	0.145	0.000	0.026	0.012	0.423	0.002	0.391
neutral	0.148	0.000	0.024	0.015	0.402	0.002	0.408
sad	0.120	0.000	0.029	0.015	0.455	0.003	0.378
sad	0.154	0.000	0.036	0.025	0.426	0.004	0.355
sad	0.136	0.000	0.033	0.016	0.501	0.003	0.311
sad	0.162	0.000	0.032	0.023	0.459	0.002	0.321
sad	0.168	0.000	0.029	0.027	0.438	0.002	0.337
neutral	0.209	0.000	0.024	0.015	0.372	0.002	0.378
sad	0.127	0.000	0.026	0.020	0.480	0.003	0.344
neutral	0.155	0.000	0.019	0.018	0.358	0.002	0.448
sad	0.163	0.000	0.029	0.015	0.413	0.002	0.379
neutral	0.157	0.000	0.019	0.011	0.384	0.001	0.428
neutral	0.168	0.000	0.026	0.029	0.346	0.004	0.427
neutral	0.142	0.000	0.026	0.016	0.367	0.002	0.446
neutral	0.143	0.000	0.028	0.015	0.379	0.002	0.432
sad	0.156	0.000	0.029	0.015	0.458	0.002	0.340
neutral	0.144	0.000	0.039	0.047	0.333	0.004	0.434
neutral	0.222	0.000	0.035	0.022	0.350	0.002	0.368
neutral	0.169	0.000	0.029	0.022	0.316	0.002	0.461
neutral	0.167	0.000	0.028	0.026	0.340	0.002	0.437
neutral	0.165	0.000	0.023	0.020	0.360	0.002	0.431
neutral	0.185	0.000	0.052	0.037	0.356	0.001	0.369
neutral	0.179	0.000	0.046	0.024	0.313	0.003	0.433
neutral	0.169	0.000	0.034	0.028	0.294	0.002	0.472
neutral	0.162	0.000	0.030	0.033	0.342	0.003	0.429
neutral	0.124	0.000	0.026	0.022	0.370	0.003	0.455
sad	0.181	0.000	0.043	0.029	0.386	0.004	0.356
sad	0.140	0.000	0.026	0.014	0.454	0.002	0.364
sad	0.169	0.000	0.023	0.011	0.450	0.002	0.346
sad	0.121	0.000	0.029	0.019	0.444	0.004	0.384
sad	0.183	0.000	0.023	0.007	0.445	0.001	0.341
sad	0.124	0.000	0.026	0.011	0.550	0.002	0.286
sad	0.127	0.000	0.031	0.018	0.486	0.003	0.335
neutral	0.149	0.000	0.025	0.036	0.303	0.003	0.483
neutral	0.143	0.000	0.041	0.018	0.314	0.002	0.481
sad	0.136	0.000	0.027	0.015	0.412	0.002	0.409
neutral	0.152	0.000	0.029	0.013	0.386	0.002	0.418
sad	0.127	0.000	0.027	0.012	0.430	0.002	0.402
sad	0.154	0.000	0.024	0.017	0.429	0.002	0.375
neutral	0.163	0.000	0.022	0.018	0.376	0.002	0.419
sad	0.151	0.000	0.025	0.019	0.409	0.003	0.393
sad	0.160	0.000	0.019	0.017	0.447	0.001	0.355
neutral	0.148	0.000	0.021	0.034	0.288	0.002	0.508
sad	0.196	0.000	0.026	0.022	0.395	0.002	0.359
neutral	0.202	0.000	0.028	0.028	0.359	0.002	0.381
sad	0.113	0.000	0.011	0.016	0.445	0.001	0.414
sad	0.146	0.000	0.018	0.009	0.546	0.001	0.280
sad	0.217	0.000	0.020	0.010	0.385	0.001	0.367
sad	0.186	0.000	0.021	0.010	0.426	0.002	0.355
sad	0.148	0.000	0.027	0.021	0.457	0.001	0.345
neutral	0.141	0.000	0.029	0.022	0.382	0.003	0.424
neutral	0.143	0.000	0.014	0.036	0.337	0.001	0.469
sad	0.144	0.000	0.014	0.012	0.512	0.001	0.317
sad	0.212	0.000	0.035	0.016	0.427	0.001	0.309
sad	0.187	0.000	0.030	0.018	0.385	0.003	0.378
neutral	0.126	0.000	0.021	0.010	0.387	0.002	0.455
neutral	0.155	0.000	0.030	0.013	0.374	0.003	0.425
sad	0.176	0.000	0.023	0.012	0.441	0.001	0.346
sad	0.189	0.000	0.017	0.008	0.465	0.001	0.319
sad	0.153	0.000	0.025	0.010	0.521	0.001	0.290
sad	0.226	0.000	0.019	0.012	0.466	0.001	0.277
sad	0.153	0.000	0.021	0.013	0.443	0.001	0.369
neutral	0.118	0.000	0.015	0.012	0.420	0.001	0.432
sad	0.165	0.000	0.019	0.010	0.412	0.001	0.394
neutral	0.174	0.000	0.020	0.011	0.353	0.001	0.441
neutral	0.127	0.000	0.030	0.013	0.374	0.002	0.454
neutral	0.110	0.000	0.031	0.029	0.296	0.002	0.532
sad	0.130	0.000	0.020	0.013	0.422	0.001	0.414
sad	0.230	0.000	0.026	0.021	0.404	0.001	0.318
neutral	0.143	0.000	0.030	0.030	0.376	0.003	0.418
neutral	0.141	0.000	0.035	0.037	0.362	0.001	0.424
neutral	0.201	0.000	0.030	0.050	0.334	0.001	0.384
sad	0.179	0.000	0.024	0.046	0.393	0.001	0.358
sad	0.225	0.000	0.030	0.049	0.386	0.002	0.308
sad	0.233	0.000	0.027	0.035	0.362	0.002	0.341
sad	0.235	0.000	0.021	0.011	0.495	0.001	0.237
sad	0.153	0.000	0.021	0.009	0.532	0.001	0.285
sad	0.210	0.000	0.018	0.009	0.464	0.001	0.298
sad	0.126	0.000	0.016	0.024	0.435	0.001	0.398
sad	0.208	0.000	0.020	0.029	0.382	0.003	0.359
neutral	0.259	0.000	0.024	0.028	0.318	0.002	0.369
sad	0.337	0.000	0.029	0.022	0.358	0.002	0.253
neutral	0.160	0.000	0.045	0.080	0.336	0.004	0.376
sad	0.264	0.000	0.024	0.024	0.383	0.001	0.305
sad	0.153	0.000	0.025	0.014	0.453	0.001	0.353
neutral	0.234	0.000	0.027	0.052	0.337	0.002	0.347
sad	0.171	0.000	0.032	0.037	0.425	0.003	0.332
sad	0.297	0.000	0.027	0.024	0.401	0.001	0.249
sad	0.128	0.000	0.020	0.055	0.424	0.002	0.370
sad	0.302	0.000	0.029	0.040	0.351	0.002	0.276
sad	0.216	0.000	0.033	0.049	0.421	0.002	0.280
sad	0.168	0.000	0.023	0.020	0.525	0.001	0.263
sad	0.175	0.000	0.029	0.028	0.483	0.001	0.284
sad	0.218	0.000	0.029	0.043	0.412	0.002	0.296
sad	0.263	0.000	0.032	0.043	0.331	0.003	0.327
sad	0.201	0.000	0.026	0.059	0.369	0.003	0.342
sad	0.147	0.000	0.032	0.035	0.429	0.001	0.356
neutral	0.216	0.000	0.016	0.066	0.327	0.002	0.375
sad	0.219	0.000	0.021	0.023	0.429	0.001	0.307
sad	0.180	0.000	0.021	0.024	0.460	0.002	0.313
neutral	0.187	0.000	0.020	0.049	0.334	0.003	0.407
sad	0.168	0.000	0.024	0.033	0.430	0.001	0.343
neutral	0.213	0.000	0.029	0.039	0.324	0.003	0.392
neutral	0.142	0.000	0.045	0.044	0.362	0.002	0.406
sad	0.157	0.000	0.033	0.036	0.401	0.001	0.373
sad	0.167	0.000	0.046	0.037	0.389	0.001	0.361
neutral	0.115	0.000	0.039	0.059	0.345	0.002	0.440
neutral	0.135	0.000	0.030	0.044	0.309	0.002	0.480
neutral	0.142	0.000	0.021	0.039	0.339	0.002	0.456
neutral	0.165	0.000	0.049	0.064	0.321	0.002	0.399
neutral	0.166	0.000	0.026	0.091	0.341	0.002	0.374
neutral	0.250	0.000	0.024	0.035	0.338	0.002	0.350
neutral	0.157	0.000	0.038	0.066	0.365	0.001	0.373
neutral	0.214	0.000	0.049	0.071	0.307	0.003	0.355
sad	0.206	0.000	0.027	0.035	0.392	0.002	0.338
sad	0.161	0.000	0.020	0.039	0.398	0.002	0.380
neutral	0.148	0.000	0.036	0.120	0.287	0.001	0.407
sad	0.212	0.000	0.020	0.030	0.395	0.002	0.341
sad	0.217	0.000	0.021	0.038	0.361	0.002	0.361
sad	0.230	0.000	0.014	0.011	0.451	0.001	0.293
neutral	0.194	0.000	0.031	0.028	0.349	0.002	0.396
sad	0.147	0.000	0.027	0.046	0.401	0.001	0.378
sad	0.204	0.000	0.033	0.036	0.410	0.003	0.314
neutral	0.157	0.000	0.028	0.067	0.365	0.003	0.379
sad	0.144	0.000	0.032	0.062	0.425	0.002	0.335
sad	0.195	0.000	0.023	0.012	0.394	0.002	0.373
sad	0.130	0.000	0.020	0.038	0.419	0.002	0.391
sad	0.202	0.000	0.028	0.031	0.386	0.002	0.351
sad	0.214	0.000	0.029	0.036	0.382	0.002	0.336
sad	0.165	0.000	0.020	0.008	0.511	0.001	0.295
sad	0.260	0.000	0.016	0.011	0.408	0.001	0.303
sad	0.180	0.000	0.023	0.011	0.432	0.002	0.353
sad	0.214	0.000	0.028	0.016	0.393	0.002	0.347
neutral	0.235	0.000	0.035	0.018	0.285	0.002	0.425
neutral	0.239	0.000	0.028	0.022	0.345	0.003	0.363
sad	0.220	0.000	0.026	0.012	0.386	0.002	0.355
sad	0.237	0.000	0.029	0.027	0.400	0.002	0.304
neutral	0.207	0.000	0.043	0.087	0.308	0.002	0.354
sad	0.244	0.000	0.036	0.080	0.339	0.002	0.298
sad	0.222	0.000	0.038	0.108	0.316	0.002	0.315
neutral	0.186	0.000	0.041	0.105	0.322	0.004	0.343
neutral	0.209	0.000	0.049	0.091	0.299	0.004	0.348
neutral	0.224	0.000	0.047	0.085	0.258	0.002	0.384
neutral	0.201	0.000	0.050	0.135	0.289	0.002	0.322
neutral	0.180	0.000	0.025	0.119	0.268	0.004	0.404
neutral	0.148	0.000	0.035	0.190	0.226	0.004	0.398
neutral	0.186	0.000	0.027	0.119	0.306	0.003	0.358
neutral	0.223	0.000	0.031	0.089	0.326	0.002	0.330
neutral	0.206	0.000	0.032	0.070	0.311	0.002	0.380
sad	0.203	0.000	0.020	0.069	0.363	0.002	0.344
sad	0.148	0.000	0.019	0.013	0.502	0.001	0.317
sad	0.206	0.000	0.027	0.026	0.446	0.001	0.294
sad	0.257	0.000	0.022	0.029	0.388	0.001	0.302
sad	0.221	0.000	0.024	0.053	0.366	0.002	0.335
sad	0.219	0.000	0.029	0.032	0.407	0.002	0.310
sad	0.225	0.000	0.025	0.022	0.408	0.001	0.319
neutral	0.264	0.000	0.029	0.017	0.321	0.003	0.366
neutral	0.158	0.000	0.027	0.061	0.366	0.002	0.386
sad	0.283	0.000	0.023	0.044	0.333	0.002	0.316
sad	0.214	0.000	0.026	0.036	0.404	0.002	0.318
sad	0.222	0.000	0.026	0.029	0.367	0.002	0.355
neutral	0.171	0.000	0.031	0.083	0.338	0.003	0.374
sad	0.191	0.000	0.032	0.040	0.407	0.002	0.327
sad	0.193	0.000	0.030	0.059	0.406	0.002	0.310
neutral	0.184	0.000	0.025	0.028	0.362	0.003	0.398
sad	0.266	0.000	0.031	0.043	0.374	0.002	0.285
sad	0.214	0.000	0.029	0.044	0.418	0.002	0.294
sad	0.243	0.000	0.031	0.061	0.343	0.002	0.319
neutral	0.186	0.000	0.024	0.112	0.275	0.003	0.400
neutral	0.222	0.000	0.026	0.053	0.335	0.002	0.361
neutral	0.190	0.000	0.026	0.067	0.333	0.002	0.382
neutral	0.191	0.000	0.028	0.063	0.333	0.002	0.383
neutral	0.254	0.000	0.025	0.090	0.298	0.002	0.331
neutral	0.188	0.000	0.035	0.076	0.329	0.002	0.369
sad	0.254	0.000	0.026	0.067	0.359	0.002	0.292
sad	0.155	0.000	0.028	0.093	0.374	0.003	0.346
neutral	0.198	0.000	0.032	0.088	0.339	0.003	0.341
sad	0.236	0.000	0.023	0.015	0.434	0.002	0.291
neutral	0.188	0.000	0.038	0.075	0.337	0.001	0.362
neutral	0.222	0.000	0.031	0.062	0.321	0.002	0.363
neutral	0.224	0.000	0.024	0.103	0.271	0.003	0.375
neutral	0.195	0.000	0.053	0.096	0.302	0.004	0.350
neutral	0.219	0.000	0.056	0.083	0.302	0.003	0.337
neutral	0.188	0.000	0.032	0.103	0.319	0.002	0.356
sad	0.221	0.000	0.033	0.059	0.369	0.003	0.314
neutral	0.149	0.000	0.026	0.102	0.316	0.002	0.405
neutral	0.153	0.000	0.032	0.056	0.374	0.001	0.384
sad	0.245	0.000	0.033	0.034	0.377	0.003	0.309
neutral	0.160	0.000	0.045	0.092	0.274	0.003	0.427
neutral	0.202	0.000	0.020	0.089	0.307	0.002	0.380
neutral	0.229	0.000	0.023	0.116	0.310	0.002	0.321
neutral	0.190	0.000	0.026	0.123	0.317	0.003	0.341
sad	0.296	0.000	0.016	0.025	0.332	0.001	0.329
neutral	0.175	0.000	0.031	0.090	0.307	0.002	0.395
sad	0.201	0.000	0.025	0.065	0.399	0.002	0.307
sad	0.177	0.000	0.044	0.082	0.360	0.002	0.336
neutral	0.185	0.000	0.041	0.084	0.322	0.003	0.365
neutral	0.143	0.000	0.030	0.108	0.330	0.001	0.388
neutral	0.167	0.000	0.039	0.146	0.250	0.003	0.395
sad	0.161	0.000	0.017	0.014	0.460	0.001	0.346
sad	0.266	0.000	0.016	0.007	0.427	0.001	0.285
neutral	0.203	0.000	0.035	0.092	0.281	0.003	0.386
sad	0.217	0.000	0.012	0.009	0.462	0.000	0.300
sad	0.178	0.000	0.016	0.019	0.415	0.001	0.371
angry	0.385	0.000	0.026	0.024	0.289	0.002	0.274
neutral	0.203	0.000	0.040	0.128	0.251	0.004	0.375
neutral	0.199	0.000	0.039	0.155	0.212	0.003	0.391
angry	0.362	0.000	0.022	0.042	0.273	0.002	0.300
neutral	0.185	0.000	0.032	0.118	0.238	0.002	0.424
neutral	0.196	0.000	0.040	0.095	0.296	0.002	0.371
neutral	0.182	0.000	0.032	0.141	0.248	0.004	0.393
sad	0.178	0.000	0.045	0.056	0.367	0.002	0.353
sad	0.246	0.000	0.035	0.061	0.332	0.002	0.323
neutral	0.268	0.000	0.030	0.082	0.273	0.003	0.343
neutral	0.163	0.000	0.035	0.156	0.265	0.007	0.374
neutral	0.174	0.000	0.053	0.145	0.281	0.004	0.343
neutral	0.144	0.000	0.045	0.131	0.255	0.004	0.421
neutral	0.267	0.000	0.017	0.047	0.297	0.001	0.370
sad	0.226	0.000	0.030	0.039	0.357	0.002	0.345
neutral	0.248	0.000	0.026	0.095	0.302	0.003	0.326
sad	0.194	0.000	0.029	0.069	0.354	0.001	0.352
sad	0.190	0.000	0.031	0.072	0.363	0.001	0.342
sad	0.279	0.000	0.029	0.054	0.369	0.001	0.267
sad	0.143	0.000	0.016	0.019	0.459	0.001	0.361
neutral	0.239	0.000	0.019	0.030	0.309	0.002	0.400
sad	0.196	0.000	0.026	0.062	0.379	0.002	0.336
sad	0.323	0.000	0.030	0.026	0.334	0.001	0.285
sad	0.248	0.000	0.034	0.052	0.377	0.001	0.287
neutral	0.243	0.000	0.036	0.070	0.316	0.002	0.332
sad	0.246	0.000	0.026	0.065	0.370	0.001	0.293
neutral	0.158	0.000	0.036	0.090	0.315	0.001	0.401
sad	0.225	0.000	0.027	0.079	0.344	0.001	0.323
sad	0.176	0.000	0.032	0.050	0.381	0.001	0.360
sad	0.282	0.000	0.023	0.029	0.383	0.002	0.281
neutral	0.135	0.000	0.021	0.071	0.360	0.001	0.412
neutral	0.148	0.000	0.028	0.054	0.373	0.001	0.395
neutral	0.219	0.000	0.043	0.113	0.279	0.002	0.344
sad	0.236	0.000	0.024	0.087	0.335	0.002	0.316
neutral	0.170	0.000	0.046	0.108	0.284	0.004	0.388
neutral	0.166	0.000	0.039	0.071	0.311	0.003	0.410
neutral	0.167	0.000	0.054	0.068	0.287	0.003	0.422
sad	0.179	0.000	0.042	0.124	0.337	0.004	0.314
sad	0.185	0.000	0.034	0.089	0.349	0.002	0.341
neutral	0.172	0.000	0.034	0.108	0.267	0.003	0.416
neutral	0.183	0.000	0.030	0.109	0.318	0.002	0.358
neutral	0.168	0.000	0.035	0.099	0.296	0.003	0.401
neutral	0.184	0.000	0.029	0.096	0.288	0.004	0.399
neutral	0.197	0.000	0.022	0.086	0.270	0.002	0.424
neutral	0.157	0.000	0.023	0.139	0.267	0.003	0.412
neutral	0.163	0.000	0.042	0.093	0.298	0.002	0.402
sad	0.170	0.000	0.015	0.012	0.461	0.001	0.340
neutral	0.163	0.000	0.029	0.039	0.343	0.003	0.423
neutral	0.227	0.000	0.026	0.040	0.279	0.003	0.425
neutral	0.200	0.000	0.056	0.092	0.320	0.003	0.329
neutral	0.213	0.000	0.022	0.099	0.298	0.002	0.366
neutral	0.161	0.000	0.039	0.107	0.291	0.004	0.399
neutral	0.160	0.000	0.026	0.103	0.272	0.002	0.437
sad	0.170	0.000	0.047	0.110	0.346	0.003	0.323
sad	0.209	0.000	0.026	0.049	0.362	0.002	0.353
sad	0.194	0.000	0.030	0.052	0.411	0.002	0.311
neutral	0.200	0.000	0.022	0.095	0.326	0.002	0.356
sad	0.289	0.000	0.025	0.028	0.390	0.001	0.267
sad	0.145	0.000	0.026	0.029	0.474	0.001	0.324
neutral	0.262	0.000	0.023	0.054	0.318	0.001	0.341
sad	0.304	0.000	0.020	0.019	0.375	0.002	0.280
sad	0.133	0.000	0.025	0.034	0.485	0.001	0.322
neutral	0.189	0.000	0.018	0.106	0.292	0.002	0.393
neutral	0.207	0.000	0.019	0.115	0.266	0.002	0.390
sad	0.228	0.000	0.020	0.045	0.408	0.001	0.297
sad	0.236	0.000	0.024	0.015	0.459	0.001	0.265
sad	0.153	0.000	0.025	0.040	0.417	0.001	0.364
sad	0.239	0.000	0.026	0.051	0.375	0.001	0.307
angry	0.349	0.000	0.019	0.051	0.277	0.001	0.303
sad	0.259	0.000	0.022	0.018	0.400	0.002	0.299
sad	0.169	0.000	0.024	0.047	0.401	0.001	0.358
sad	0.262	0.000	0.024	0.033	0.434	0.001	0.246
sad	0.255	0.000	0.025	0.026	0.381	0.001	0.312
sad	0.261	0.000	0.023	0.048	0.337	0.001	0.330
sad	0.156	0.000	0.031	0.024	0.502	0.002	0.286
sad	0.259	0.000	0.023	0.019	0.430	0.001	0.268
sad	0.194	0.000	0.016	0.010	0.530	0.001	0.249
sad	0.211	0.000	0.022	0.009	0.474	0.001	0.283
sad	0.215	0.000	0.018	0.023	0.390	0.002	0.353
neutral	0.154	0.000	0.025	0.082	0.327	0.001	0.412
neutral	0.167	0.000	0.029	0.102	0.276	0.002	0.424
neutral	0.211	0.000	0.029	0.089	0.303	0.003	0.366
neutral	0.217	0.000	0.030	0.082	0.291	0.003	0.377
sad	0.267	0.000	0.034	0.046	0.372	0.002	0.279
neutral	0.231	0.000	0.026	0.086	0.273	0.004	0.380
sad	0.254	0.000	0.029	0.056	0.342	0.002	0.316
neutral	0.153	0.000	0.025	0.094	0.352	0.002	0.374
neutral	0.193	0.000	0.035	0.118	0.274	0.002	0.377
sad	0.267	0.000	0.033	0.040	0.338	0.002	0.320
sad	0.301	0.000	0.031	0.023	0.325	0.002	0.317
neutral	0.143	0.000	0.028	0.103	0.302	0.001	0.423
neutral	0.218	0.000	0.026	0.094	0.300	0.003	0.359
neutral	0.258	0.000	0.024	0.083	0.270	0.002	0.364
neutral	0.218	0.000	0.025	0.092	0.291	0.002	0.372
sad	0.314	0.000	0.026	0.039	0.318	0.002	0.300
neutral	0.252	0.000	0.027	0.117	0.270	0.002	0.332
neutral	0.139	0.000	0.029	0.084	0.336	0.002	0.412
sad	0.222	0.000	0.030	0.033	0.366	0.004	0.345
sad	0.218	0.000	0.028	0.077	0.350	0.002	0.327
sad	0.312	0.000	0.027	0.038	0.322	0.002	0.299
sad	0.228	0.000	0.016	0.008	0.409	0.001	0.339
sad	0.270	0.000	0.019	0.013	0.385	0.001	0.312
sad	0.232	0.000	0.027	0.030	0.367	0.001	0.344
sad	0.282	0.000	0.026	0.041	0.402	0.001	0.248
sad	0.327	0.000	0.025	0.018	0.329	0.001	0.299
neutral	0.138	0.000	0.033	0.039	0.375	0.001	0.415
sad	0.135	0.000	0.027	0.039	0.415	0.001	0.382
sad	0.155	0.000	0.027	0.040	0.399	0.001	0.379
neutral	0.197	0.000	0.027	0.043	0.354	0.001	0.379
sad	0.250	0.000	0.025	0.035	0.347	0.002	0.341
neutral	0.206	0.000	0.026	0.062	0.340	0.002	0.364
neutral	0.164	0.000	0.033	0.102	0.298	0.002	0.402
neutral	0.204	0.000	0.023	0.069	0.331	0.002	0.372
neutral	0.294	0.000	0.019	0.040	0.316	0.001	0.330
neutral	0.148	0.000	0.036	0.086	0.293	0.002	0.434
neutral	0.180	0.000	0.035	0.078	0.318	0.001	0.389
neutral	0.147	0.000	0.032	0.097	0.255	0.002	0.467
neutral	0.193	0.000	0.024	0.094	0.329	0.002	0.357
sad	0.257	0.000	0.033	0.035	0.360	0.002	0.312
neutral	0.180	0.000	0.023	0.119	0.284	0.003	0.391
sad	0.255	0.000	0.026	0.059	0.336	0.002	0.322
sad	0.189	0.000	0.023	0.065	0.379	0.002	0.342
neutral	0.168	0.000	0.027	0.080	0.307	0.002	0.416
sad	0.193	0.000	0.024	0.078	0.377	0.001	0.327
neutral	0.166	0.000	0.030	0.101	0.311	0.002	0.389
neutral	0.173	0.000	0.024	0.090	0.342	0.002	0.369
neutral	0.183	0.000	0.022	0.088	0.290	0.002	0.415
neutral	0.164	0.000	0.018	0.107	0.312	0.002	0.397
neutral	0.198	0.000	0.026	0.093	0.333	0.002	0.348
neutral	0.176	0.000	0.024	0.072	0.354	0.002	0.372
sad	0.244	0.000	0.028	0.076	0.346	0.002	0.305
neutral	0.265	0.000	0.019	0.045	0.291	0.002	0.378
neutral	0.154	0.000	0.042	0.141	0.250	0.003	0.410
neutral	0.200	0.000	0.020	0.112	0.289	0.003	0.375
neutral	0.157	0.000	0.034	0.094	0.288	0.002	0.425
neutral	0.173	0.000	0.026	0.095	0.315	0.003	0.387
neutral	0.191	0.000	0.036	0.085	0.296	0.002	0.389
neutral	0.207	0.000	0.024	0.013	0.365	0.001	0.390
sad	0.234	0.000	0.022	0.039	0.384	0.001	0.320
sad	0.220	0.000	0.020	0.019	0.419	0.002	0.320
neutral	0.218	0.000	0.022	0.065	0.309	0.002	0.385
sad	0.237	0.000	0.021	0.047	0.369	0.001	0.325
neutral	0.298	0.000	0.024	0.023	0.316	0.001	0.338
sad	0.282	0.000	0.023	0.022	0.370	0.001	0.303
sad	0.209	0.000	0.020	0.032	0.399	0.001	0.338
sad	0.204	0.000	0.022	0.036	0.389	0.001	0.349
sad	0.288	0.000	0.021	0.025	0.368	0.001	0.297
sad	0.220	0.000	0.023	0.017	0.454	0.002	0.283
sad	0.238	0.000	0.018	0.029	0.415	0.001	0.300
sad	0.198	0.000	0.022	0.040	0.413	0.001	0.326
sad	0.154	0.000	0.025	0.050	0.431	0.002	0.338
sad	0.179	0.000	0.024	0.061	0.378	0.001	0.358
sad	0.143	0.000	0.030	0.045	0.414	0.002	0.366
sad	0.160	0.000	0.026	0.046	0.396	0.001	0.372
sad	0.218	0.000	0.022	0.024	0.396	0.001	0.339
sad	0.126	0.000	0.018	0.048	0.415	0.001	0.393
neutral	0.298	0.000	0.019	0.043	0.306	0.001	0.332
neutral	0.220	0.000	0.027	0.036	0.354	0.001	0.362
neutral	0.140	0.000	0.029	0.077	0.298	0.002	0.454
sad	0.176	0.000	0.018	0.025	0.408	0.002	0.370
neutral	0.286	0.000	0.017	0.031	0.326	0.001	0.337
sad	0.284	0.000	0.019	0.040	0.353	0.001	0.303
neutral	0.228	0.000	0.024	0.053	0.342	0.001	0.352
neutral	0.226	0.000	0.025	0.065	0.328	0.001	0.354
neutral	0.189	0.000	0.027	0.061	0.351	0.002	0.371
sad	0.200	0.000	0.029	0.044	0.396	0.002	0.329
neutral	0.188	0.000	0.035	0.074	0.312	0.002	0.389
neutral	0.188	0.000	0.021	0.063	0.332	0.002	0.395
sad	0.295	0.000	0.029	0.044	0.327	0.002	0.304
neutral	0.152	0.000	0.026	0.082	0.287	0.002	0.452
neutral	0.169	0.000	0.026	0.054	0.328	0.002	0.421
neutral	0.198	0.000	0.023	0.087	0.308	0.002	0.381
neutral	0.144	0.000	0.032	0.129	0.289	0.003	0.404
neutral	0.173	0.000	0.020	0.063	0.355	0.001	0.389
neutral	0.218	0.000	0.026	0.104	0.257	0.002	0.393
sad	0.222	0.000	0.026	0.053	0.377	0.001	0.321
neutral	0.170	0.000	0.030	0.080	0.306	0.002	0.413
neutral	0.194	0.000	0.026	0.065	0.353	0.001	0.361
neutral	0.191	0.000	0.022	0.111	0.261	0.002	0.412
neutral	0.174	0.000	0.030	0.078	0.308	0.002	0.409
neutral	0.204	0.000	0.024	0.067	0.288	0.001	0.415
neutral	0.136	0.000	0.026	0.063	0.367	0.001	0.408
sad	0.227	0.000	0.013	0.014	0.377	0.001	0.368
sad	0.188	0.000	0.012	0.011	0.425	0.001	0.364
neutral	0.186	0.000	0.019	0.022	0.344	0.001	0.427
neutral	0.155	0.000	0.022	0.062	0.334	0.001	0.425
neutral	0.189	0.000	0.048	0.072	0.325	0.003	0.363
neutral	0.239	0.000	0.024	0.073	0.314	0.002	0.348
sad	0.178	0.000	0.023	0.049	0.388	0.001	0.361
neutral	0.180	0.000	0.032	0.100	0.259	0.002	0.426
neutral	0.149	0.000	0.029	0.056	0.290	0.001	0.474
neutral	0.141	0.000	0.030	0.070	0.326	0.001	0.432
neutral	0.174	0.000	0.044	0.054	0.335	0.003	0.389
neutral	0.189	0.000	0.036	0.091	0.271	0.002	0.410
neutral	0.192	0.000	0.025	0.062	0.314	0.002	0.405
sad	0.213	0.000	0.027	0.034	0.391	0.001	0.334
sad	0.183	0.000	0.028	0.037	0.389	0.001	0.361
neutral	0.159	0.000	0.026	0.044	0.361	0.001	0.409
neutral	0.136	0.000	0.020	0.117	0.289	0.002	0.436
neutral	0.176	0.000	0.026	0.076	0.308	0.002	0.412
neutral	0.160	0.000	0.019	0.095	0.274	0.002	0.451
neutral	0.163	0.000	0.023	0.071	0.310	0.001	0.432
neutral	0.235	0.000	0.020	0.078	0.283	0.002	0.381
neutral	0.217	0.000	0.029	0.070	0.332	0.002	0.351
neutral	0.201	0.000	0.040	0.080	0.285	0.002	0.392
neutral	0.228	0.000	0.026	0.048	0.336	0.002	0.360
sad	0.234	0.000	0.027	0.045	0.352	0.002	0.341
neutral	0.208	0.000	0.030	0.050	0.328	0.002	0.382
neutral	0.183	0.000	0.026	0.081	0.299	0.002	0.411
neutral	0.150	0.000	0.026	0.092	0.261	0.002	0.470
neutral	0.233	0.000	0.023	0.075	0.308	0.002	0.358
neutral	0.199	0.000	0.029	0.043	0.341	0.001	0.387
neutral	0.231	0.000	0.020	0.073	0.290	0.002	0.384
neutral	0.188	0.000	0.033	0.078	0.273	0.001	0.427
neutral	0.211	0.000	0.032	0.070	0.276	0.001	0.410
neutral	0.207	0.000	0.033	0.059	0.310	0.001	0.390
neutral	0.203	0.000	0.025	0.052	0.356	0.001	0.362
neutral	0.169	0.000	0.031	0.056	0.341	0.001	0.402
neutral	0.212	0.000	0.022	0.061	0.305	0.002	0.397
neutral	0.187	0.000	0.031	0.075	0.334	0.002	0.371
sad	0.179	0.000	0.026	0.079	0.379	0.002	0.336
neutral	0.159	0.000	0.022	0.108	0.318	0.001	0.392
neutral	0.164	0.000	0.029	0.122	0.291	0.003	0.391
sad	0.155	0.000	0.035	0.076	0.395	0.002	0.337
neutral	0.178	0.000	0.022	0.066	0.349	0.002	0.383
neutral	0.178	0.000	0.024	0.071	0.349	0.002	0.377
neutral	0.158	0.000	0.032	0.070	0.322	0.001	0.416
sad	0.151	0.000	0.016	0.007	0.533	0.001	0.291
sad	0.184	0.000	0.019	0.011	0.423	0.001	0.362
neutral	0.201	0.000	0.016	0.025	0.317	0.002	0.440
neutral	0.179	0.000	0.026	0.064	0.343	0.002	0.386
neutral	0.208	0.000	0.042	0.111	0.284	0.003	0.352
neutral	0.199	0.000	0.026	0.056	0.357	0.001	0.360
neutral	0.164	0.000	0.025	0.068	0.344	0.002	0.397
sad	0.220	0.000	0.030	0.034	0.399	0.001	0.316
neutral	0.117	0.000	0.027	0.096	0.277	0.002	0.481
neutral	0.208	0.000	0.023	0.072	0.342	0.002	0.354
neutral	0.175	0.000	0.032	0.082	0.268	0.002	0.441
neutral	0.146	0.000	0.038	0.065	0.322	0.005	0.423
neutral	0.191	0.000	0.058	0.105	0.271	0.007	0.368
neutral	0.247	0.000	0.022	0.043	0.327	0.002	0.359
neutral	0.252	0.000	0.025	0.029	0.342	0.002	0.350
neutral	0.219	0.000	0.026	0.025	0.361	0.001	0.368
neutral	0.224	0.000	0.036	0.050	0.340	0.001	0.348
neutral	0.177	0.000	0.014	0.010	0.345	0.001	0.453
neutral	0.217	0.000	0.026	0.027	0.282	0.001	0.446
neutral	0.256	0.000	0.023	0.046	0.277	0.002	0.396
sad	0.176	0.000	0.029	0.012	0.412	0.002	0.369
neutral	0.211	0.000	0.022	0.041	0.327	0.001	0.398
neutral	0.120	0.000	0.032	0.011	0.362	0.002	0.474
sad	0.201	0.000	0.024	0.015	0.420	0.002	0.339
sad	0.140	0.000	0.023	0.016	0.454	0.001	0.366
neutral	0.122	0.000	0.027	0.010	0.409	0.002	0.429
sad	0.216	0.000	0.030	0.024	0.422	0.002	0.306
neutral	0.246	0.000	0.029	0.071	0.277	0.001	0.376
sad	0.219	0.000	0.029	0.022	0.419	0.003	0.308
sad	0.222	0.000	0.025	0.026	0.427	0.003	0.298
sad	0.216	0.000	0.032	0.033	0.397	0.001	0.321
sad	0.203	0.000	0.035	0.023	0.462	0.003	0.275
sad	0.253	0.000	0.035	0.032	0.389	0.002	0.289
sad	0.194	0.000	0.034	0.092	0.347	0.003	0.329
sad	0.201	0.000	0.037	0.043	0.393	0.003	0.323
sad	0.166	0.000	0.030	0.020	0.416	0.003	0.364
neutral	0.157	0.000	0.024	0.095	0.353	0.004	0.368
neutral	0.238	0.000	0.018	0.039	0.303	0.003	0.399
sad	0.279	0.000	0.025	0.025	0.362	0.001	0.308
sad	0.234	0.000	0.047	0.035	0.378	0.005	0.302
sad	0.254	0.000	0.022	0.035	0.346	0.000	0.343
sad	0.182	0.000	0.020	0.021	0.428	0.001	0.349
sad	0.129	0.000	0.028	0.010	0.462	0.002	0.368
sad	0.176	0.000	0.028	0.013	0.409	0.004	0.371
sad	0.157	0.000	0.023	0.011	0.457	0.002	0.350
sad	0.137	0.000	0.032	0.012	0.489	0.002	0.328
sad	0.214	0.000	0.038	0.010	0.403	0.003	0.333
sad	0.161	0.000	0.020	0.008	0.590	0.001	0.219
neutral	0.263	0.000	0.018	0.041	0.305	0.003	0.372
sad	0.218	0.000	0.014	0.007	0.426	0.002	0.332
sad	0.200	0.000	0.026	0.025	0.419	0.004	0.326
neutral	0.196	0.000	0.015	0.026	0.375	0.002	0.385
neutral	0.241	0.000	0.023	0.042	0.297	0.002	0.396
sad	0.213	0.000	0.025	0.012	0.460	0.002	0.289
sad	0.140	0.000	0.018	0.011	0.477	0.001	0.352
sad	0.144	0.000	0.022	0.010	0.474	0.002	0.348
neutral	0.178	0.000	0.037	0.050	0.350	0.001	0.383
sad	0.193	0.000	0.021	0.015	0.499	0.002	0.269
sad	0.130	0.000	0.028	0.032	0.500	0.004	0.307
sad	0.154	0.000	0.019	0.021	0.491	0.001	0.313
sad	0.161	0.000	0.024	0.023	0.468	0.001	0.323
neutral	0.165	0.000	0.016	0.056	0.345	0.001	0.417
sad	0.181	0.000	0.024	0.019	0.407	0.003	0.366
sad	0.175	0.000	0.021	0.014	0.455	0.004	0.331
sad	0.165	0.000	0.028	0.013	0.429	0.006	0.358
sad	0.142	0.000	0.027	0.029	0.425	0.004	0.373
sad	0.159	0.000	0.042	0.015	0.500	0.002	0.282
sad	0.140	0.000	0.026	0.019	0.544	0.001	0.270
sad	0.214	0.000	0.037	0.026	0.431	0.001	0.291
sad	0.214	0.000	0.020	0.021	0.480	0.001	0.263
sad	0.116	0.000	0.020	0.005	0.635	0.001	0.222
sad	0.179	0.000	0.026	0.031	0.424	0.002	0.339
sad	0.191	0.000	0.040	0.017	0.445	0.002	0.304
sad	0.153	0.000	0.036	0.013	0.442	0.002	0.354
sad	0.145	0.000	0.035	0.017	0.511	0.003	0.289
sad	0.178	0.000	0.033	0.013	0.444	0.002	0.330
sad	0.208	0.000	0.036	0.031	0.424	0.001	0.300
sad	0.139	0.000	0.032	0.023	0.427	0.002	0.378
sad	0.156	0.000	0.036	0.012	0.470	0.002	0.323
sad	0.119	0.000	0.035	0.030	0.414	0.002	0.401
sad	0.162	0.000	0.043	0.014	0.411	0.003	0.367
neutral	0.125	0.000	0.040	0.012	0.384	0.001	0.437
neutral	0.132	0.000	0.036	0.032	0.366	0.003	0.431
sad	0.165	0.000	0.039	0.016	0.449	0.004	0.327
sad	0.170	0.000	0.033	0.011	0.415	0.001	0.370
sad	0.139	0.000	0.033	0.011	0.529	0.002	0.285
neutral	0.168	0.000	0.027	0.031	0.383	0.001	0.391
neutral	0.145	0.000	0.036	0.020	0.376	0.003	0.421
sad	0.172	0.000	0.028	0.016	0.453	0.003	0.328
sad	0.218	0.000	0.037	0.013	0.439	0.002	0.290
neutral	0.196	0.000	0.021	0.028	0.278	0.003	0.474
neutral	0.142	0.000	0.024	0.014	0.388	0.003	0.429
sad	0.177	0.000	0.044	0.013	0.393	0.004	0.370
neutral	0.171	0.000	0.031	0.030	0.305	0.007	0.457
neutral	0.258	0.000	0.048	0.028	0.330	0.004	0.332
neutral	0.154	0.000	0.023	0.023	0.326	0.004	0.469
sad	0.143	0.000	0.021	0.014	0.443	0.002	0.377
sad	0.139	0.000	0.023	0.018	0.522	0.001	0.298
sad	0.111	0.000	0.013	0.013	0.511	0.002	0.350
sad	0.218	0.000	0.028	0.019	0.394	0.002	0.338
sad	0.191	0.000	0.029	0.017	0.420	0.003	0.340
sad	0.201	0.000	0.035	0.018	0.390	0.003	0.353
neutral	0.179	0.000	0.037	0.026	0.357	0.002	0.398
neutral	0.148	0.000	0.016	0.015	0.386	0.002	0.433
sad	0.181	0.000	0.032	0.009	0.461	0.003	0.313
neutral	0.140	0.000	0.016	0.020	0.342	0.003	0.478
sad	0.180	0.000	0.020	0.010	0.449	0.001	0.340
neutral	0.203	0.000	0.022	0.017	0.315	0.003	0.440
neutral	0.227	0.000	0.056	0.046	0.279	0.007	0.384
sad	0.157	0.000	0.026	0.028	0.398	0.003	0.389
neutral	0.151	0.000	0.032	0.026	0.331	0.007	0.452
neutral	0.153	0.000	0.029	0.027	0.359	0.007	0.424
neutral	0.192	0.000	0.030	0.037	0.294	0.004	0.443
neutral	0.152	0.000	0.024	0.046	0.275	0.006	0.498
neutral	0.292	0.000	0.040	0.067	0.287	0.006	0.308
neutral	0.174	0.000	0.024	0.044	0.274	0.006	0.478
neutral	0.190	0.000	0.028	0.026	0.310	0.004	0.442
neutral	0.200	0.000	0.023	0.024	0.366	0.003	0.384
neutral	0.141	0.000	0.022	0.026	0.318	0.004	0.490
neutral	0.128	0.000	0.024	0.017	0.340	0.003	0.487
neutral	0.119	0.000	0.016	0.024	0.342	0.003	0.496
neutral	0.147	0.000	0.021	0.023	0.363	0.003	0.443
sad	0.234	0.000	0.023	0.010	0.453	0.002	0.278
neutral	0.151	0.000	0.020	0.022	0.336	0.003	0.467
sad	0.190	0.000	0.022	0.017	0.389	0.002	0.380
sad	0.166	0.000	0.022	0.031	0.426	0.001	0.354
neutral	0.153	0.000	0.023	0.016	0.387	0.001	0.419
sad	0.171	0.000	0.021	0.022	0.401	0.001	0.385
neutral	0.190	0.000	0.017	0.016	0.306	0.002	0.469
neutral	0.193	0.000	0.029	0.026	0.351	0.001	0.400
neutral	0.190	0.000	0.032	0.021	0.301	0.002	0.453
neutral	0.088	0.000	0.016	0.021	0.402	0.003	0.470
neutral	0.161	0.000	0.021	0.035	0.386	0.001	0.396
neutral	0.143	0.000	0.020	0.020	0.404	0.002	0.411
neutral	0.106	0.000	0.023	0.026	0.354	0.003	0.488
sad	0.155	0.000	0.028	0.012	0.449	0.001	0.356
neutral	0.131	0.000	0.025	0.024	0.377	0.003	0.440
sad	0.123	0.000	0.011	0.012	0.486	0.001	0.367
neutral	0.132	0.000	0.014	0.021	0.408	0.002	0.422
sad	0.119	0.000	0.018	0.010	0.548	0.001	0.303
neutral	0.160	0.000	0.023	0.022	0.303	0.006	0.487
neutral	0.239	0.000	0.030	0.027	0.327	0.005	0.373
neutral	0.159	0.000	0.019	0.015	0.336	0.002	0.470
neutral	0.166	0.000	0.015	0.011	0.361	0.002	0.446
neutral	0.147	0.000	0.018	0.016	0.334	0.005	0.480
neutral	0.174	0.000	0.027	0.019	0.331	0.006	0.443
neutral	0.190	0.000	0.016	0.013	0.366	0.003	0.413
neutral	0.156	0.000	0.020	0.012	0.341	0.003	0.468
neutral	0.150	0.000	0.021	0.011	0.297	0.001	0.519
sad	0.135	0.000	0.021	0.018	0.446	0.001	0.379
