prediction	angry	disgust	fear	happy	sad	surprise	neutral
angry	0.557	0.000	0.039	0.007	0.106	0.008	0.284
angry	0.482	0.001	0.043	0.007	0.200	0.003	0.263
angry	0.614	0.001	0.031	0.003	0.186	0.001	0.164
angry	0.470	0.000	0.056	0.005	0.268	0.002	0.199
angry	0.505	0.001	0.090	0.002	0.275	0.001	0.126
angry	0.580	0.001	0.082	0.001	0.225	0.001	0.110
neutral	0.303	0.000	0.097	0.005	0.239	0.002	0.355
angry	0.396	0.000	0.028	0.003	0.233	0.001	0.338
angry	0.475	0.000	0.028	0.004	0.268	0.001	0.223
angry	0.413	0.000	0.075	0.002	0.250	0.001	0.259
angry	0.355	0.000	0.069	0.002	0.354	0.001	0.219
neutral	0.331	0.000	0.077	0.005	0.231	0.002	0.353
angry	0.310	0.000	0.152	0.004	0.306	0.002	0.227
angry	0.570	0.001	0.038	0.002	0.200	0.001	0.188
angry	0.604	0.000	0.024	0.003	0.162	0.001	0.206
angry	0.713	0.000	0.043	0.001	0.139	0.001	0.102
angry	0.412	0.000	0.083	0.008	0.233	0.002	0.261
angry	0.497	0.000	0.102	0.007	0.185	0.002	0.206
angry	0.372	0.000	0.053	0.006	0.313	0.002	0.254
angry	0.584	0.000	0.067	0.005	0.105	0.004	0.234
angry	0.666	0.000	0.067	0.006	0.074	0.017	0.170
angry	0.460	0.000	0.149	0.026	0.097	0.041	0.227
angry	0.389	0.000	0.176	0.010	0.104	0.024	0.296
angry	0.442	0.000	0.030	0.006	0.080	0.010	0.432
angry	0.396	0.000	0.148	0.011	0.115	0.024	0.306
neutral	0.347	0.000	0.032	0.005	0.057	0.010	0.549
angry	0.592	0.000	0.062	0.007	0.085	0.028	0.227
angry	0.516	0.000	0.015	0.005	0.065	0.004	0.395
angry	0.642	0.000	0.021	0.002	0.104	0.003	0.228
angry	0.525	0.000	0.035	0.003	0.139	0.018	0.279
angry	0.541	0.000	0.032	0.004	0.117	0.014	0.291
angry	0.671	0.000	0.013	0.002	0.094	0.006	0.214
angry	0.497	0.000	0.011	0.007	0.073	0.011	0.401
angry	0.570	0.000	0.023	0.002	0.094	0.016	0.294
angry	0.554	0.000	0.012	0.002	0.173	0.006	0.253
angry	0.569	0.000	0.018	0.003	0.100	0.015	0.295
angry	0.698	0.000	0.021	0.002	0.125	0.006	0.148
angry	0.567	0.000	0.009	0.002	0.094	0.007	0.321
angry	0.614	0.000	0.010	0.004	0.073	0.016	0.283
angry	0.725	0.000	0.021	0.002	0.094	0.006	0.152
angry	0.651	0.000	0.013	0.003	0.105	0.004	0.225
angry	0.528	0.000	0.021	0.002	0.129	0.013	0.308
angry	0.683	0.000	0.016	0.003	0.093	0.017	0.188
angry	0.634	0.000	0.010	0.002	0.105	0.005	0.243
angry	0.608	0.000	0.017	0.003	0.078	0.005	0.289
angry	0.688	0.000	0.025	0.004	0.086	0.010	0.187
angry	0.529	0.000	0.016	0.002	0.127	0.008	0.317
angry	0.639	0.000	0.019	0.002	0.086	0.004	0.249
angry	0.641	0.000	0.021	0.003	0.088	0.028	0.219
angry	0.832	0.001	0.011	0.001	0.049	0.001	0.105
angry	0.593	0.000	0.011	0.002	0.114	0.006	0.272
angry	0.602	0.000	0.029	0.005	0.061	0.032	0.270
angry	0.640	0.000	0.030	0.001	0.100	0.008	0.220
angry	0.712	0.000	0.028	0.004	0.080	0.006	0.171
angry	0.664	0.000	0.044	0.010	0.070	0.022	0.189
angry	0.769	0.000	0.034	0.004	0.044	0.016	0.132
angry	0.801	0.000	0.023	0.004	0.055	0.007	0.110
angry	0.648	0.000	0.088	0.004	0.091	0.017	0.152
angry	0.670	0.000	0.056	0.006	0.059	0.012	0.196
angry	0.762	0.000	0.068	0.001	0.074	0.013	0.082
angry	0.769	0.000	0.038	0.004	0.048	0.019	0.122
angry	0.584	0.000	0.045	0.008	0.068	0.026	0.267
angry	0.703	0.000	0.032	0.006	0.035	0.020	0.204
angry	0.623	0.000	0.035	0.003	0.049	0.010	0.279
angry	0.729	0.000	0.027	0.008	0.049	0.020	0.166
angry	0.721	0.000	0.021	0.006	0.047	0.018	0.186
neutral	0.281	0.000	0.028	0.022	0.067	0.003	0.599
neutral	0.376	0.000	0.023	0.011	0.064	0.009	0.517
angry	0.545	0.001	0.066	0.007	0.155	0.005	0.221
angry	0.453	0.000	0.050	0.004	0.218	0.004	0.271
angry	0.497	0.000	0.039	0.003	0.127	0.003	0.331
angry	0.630	0.000	0.034	0.004	0.107	0.004	0.221
angry	0.733	0.001	0.036	0.006	0.088	0.002	0.134
angry	0.610	0.001	0.019	0.002	0.053	0.006	0.308
angry	0.476	0.000	0.029	0.005	0.078	0.012	0.400
neutral	0.349	0.000	0.057	0.016	0.081	0.004	0.492
neutral	0.434	0.000	0.034	0.006	0.065	0.011	0.450
angry	0.681	0.000	0.021	0.006	0.054	0.009	0.229
neutral	0.295	0.000	0.088	0.016	0.105	0.010	0.487
angry	0.693	0.000	0.026	0.002	0.045	0.009	0.224
angry	0.624	0.000	0.022	0.002	0.053	0.009	0.291
neutral	0.388	0.000	0.060	0.009	0.077	0.002	0.463
neutral	0.379	0.000	0.034	0.011	0.067	0.008	0.502
neutral	0.387	0.000	0.083	0.015	0.046	0.014	0.455
angry	0.623	0.000	0.030	0.019	0.070	0.006	0.251
angry	0.618	0.000	0.019	0.009	0.064	0.007	0.282
angry	0.486	0.000	0.024	0.009	0.078	0.012	0.391
angry	0.588	0.000	0.036	0.011	0.051	0.006	0.308
angry	0.634	0.000	0.048	0.002	0.103	0.004	0.209
neutral	0.439	0.000	0.014	0.002	0.073	0.003	0.469
angry	0.542	0.000	0.060	0.005	0.070	0.023	0.299
neutral	0.396	0.000	0.072	0.008	0.070	0.016	0.438
angry	0.494	0.000	0.077	0.006	0.033	0.016	0.375
angry	0.435	0.000	0.092	0.009	0.032	0.047	0.386
neutral	0.364	0.000	0.090	0.009	0.124	0.008	0.405
neutral	0.393	0.000	0.071	0.013	0.059	0.015	0.449
angry	0.583	0.000	0.032	0.002	0.071	0.007	0.305
angry	0.611	0.000	0.032	0.004	0.079	0.009	0.267
angry	0.556	0.000	0.045	0.001	0.128	0.003	0.266
neutral	0.356	0.000	0.041	0.011	0.085	0.009	0.498
angry	0.522	0.001	0.100	0.001	0.240	0.000	0.136
angry	0.549	0.000	0.051	0.002	0.218	0.000	0.179
angry	0.530	0.000	0.097	0.005	0.123	0.003	0.242
neutral	0.338	0.000	0.053	0.006	0.129	0.001	0.473
angry	0.553	0.000	0.068	0.004	0.090	0.003	0.280
neutral	0.267	0.000	0.031	0.006	0.213	0.001	0.483
angry	0.557	0.000	0.032	0.004	0.136	0.001	0.270
angry	0.503	0.001	0.061	0.003	0.166	0.002	0.265
angry	0.502	0.001	0.054	0.002	0.204	0.001	0.236
neutral	0.374	0.000	0.068	0.005	0.170	0.001	0.381
neutral	0.307	0.000	0.043	0.007	0.178	0.002	0.463
angry	0.549	0.000	0.029	0.002	0.126	0.002	0.292
angry	0.687	0.000	0.049	0.000	0.133	0.001	0.129
angry	0.402	0.001	0.067	0.004	0.146	0.002	0.378
angry	0.434	0.001	0.089	0.009	0.116	0.009	0.342
neutral	0.382	0.000	0.031	0.003	0.068	0.003	0.514
angry	0.474	0.000	0.029	0.003	0.141	0.001	0.352
angry	0.458	0.000	0.040	0.004	0.124	0.003	0.370
neutral	0.395	0.000	0.039	0.007	0.139	0.002	0.418
neutral	0.366	0.001	0.040	0.005	0.161	0.001	0.425
angry	0.459	0.001	0.040	0.002	0.139	0.001	0.357
angry	0.628	0.001	0.038	0.001	0.152	0.001	0.180
angry	0.528	0.001	0.027	0.003	0.119	0.004	0.317
angry	0.530	0.001	0.036	0.004	0.122	0.001	0.306
angry	0.475	0.001	0.049	0.006	0.129	0.003	0.338
neutral	0.336	0.001	0.072	0.012	0.174	0.005	0.400
angry	0.644	0.001	0.032	0.003	0.080	0.002	0.239
angry	0.651	0.000	0.032	0.007	0.070	0.003	0.237
neutral	0.400	0.000	0.042	0.008	0.061	0.008	0.481
neutral	0.433	0.000	0.027	0.014	0.050	0.010	0.465
angry	0.612	0.000	0.029	0.013	0.064	0.010	0.271
neutral	0.353	0.000	0.039	0.014	0.033	0.012	0.549
neutral	0.396	0.000	0.027	0.008	0.077	0.009	0.483
neutral	0.397	0.000	0.029	0.006	0.090	0.008	0.471
neutral	0.390	0.000	0.049	0.005	0.072	0.015	0.469
neutral	0.274	0.000	0.043	0.010	0.056	0.022	0.595
angry	0.621	0.000	0.029	0.003	0.047	0.009	0.292
neutral	0.346	0.000	0.061	0.009	0.019	0.023	0.541
neutral	0.396	0.000	0.083	0.019	0.045	0.043	0.414
neutral	0.410	0.000	0.038	0.005	0.019	0.028	0.500
angry	0.413	0.000	0.125	0.008	0.036	0.039	0.379
neutral	0.321	0.000	0.096	0.026	0.048	0.036	0.472
neutral	0.441	0.000	0.028	0.005	0.042	0.014	0.469
neutral	0.392	0.000	0.058	0.007	0.050	0.020	0.472
angry	0.545	0.000	0.029	0.006	0.043	0.009	0.367
angry	0.464	0.000	0.039	0.006	0.059	0.009	0.423
angry	0.463	0.000	0.040	0.013	0.040	0.017	0.427
neutral	0.408	0.000	0.026	0.006	0.047	0.014	0.499
neutral	0.344	0.000	0.069	0.013	0.039	0.017	0.518
angry	0.469	0.000	0.038	0.003	0.154	0.001	0.335
angry	0.491	0.000	0.118	0.001	0.256	0.002	0.131
angry	0.470	0.000	0.037	0.001	0.241	0.000	0.251
angry	0.502	0.000	0.036	0.001	0.153	0.001	0.306
neutral	0.402	0.000	0.031	0.004	0.100	0.003	0.458
angry	0.585	0.000	0.033	0.004	0.116	0.002	0.259
angry	0.619	0.000	0.033	0.007	0.115	0.002	0.225
angry	0.422	0.000	0.045	0.002	0.164	0.001	0.365
neutral	0.395	0.000	0.023	0.002	0.144	0.001	0.436
angry	0.694	0.000	0.030	0.002	0.114	0.001	0.159
angry	0.479	0.000	0.039	0.001	0.208	0.001	0.272
angry	0.567	0.000	0.038	0.002	0.146	0.001	0.246
angry	0.397	0.000	0.092	0.004	0.167	0.001	0.338
neutral	0.399	0.000	0.036	0.003	0.122	0.005	0.435
neutral	0.353	0.000	0.018	0.008	0.076	0.006	0.540
angry	0.463	0.000	0.020	0.008	0.078	0.008	0.423
angry	0.455	0.000	0.051	0.004	0.108	0.007	0.376
neutral	0.234	0.000	0.053	0.011	0.099	0.004	0.598
neutral	0.387	0.000	0.050	0.014	0.093	0.014	0.441
angry	0.423	0.000	0.073	0.007	0.080	0.016	0.400
angry	0.565	0.000	0.074	0.015	0.029	0.024	0.292
angry	0.498	0.000	0.082	0.005	0.059	0.011	0.345
angry	0.389	0.000	0.114	0.006	0.106	0.017	0.369
angry	0.534	0.000	0.098	0.010	0.071	0.019	0.268
neutral	0.414	0.000	0.050	0.011	0.071	0.018	0.437
neutral	0.232	0.000	0.026	0.007	0.028	0.009	0.698
angry	0.507	0.000	0.140	0.007	0.043	0.035	0.269
angry	0.469	0.000	0.087	0.011	0.061	0.025	0.348
angry	0.509	0.000	0.025	0.005	0.061	0.019	0.381
neutral	0.266	0.000	0.044	0.011	0.022	0.016	0.641
angry	0.484	0.000	0.124	0.013	0.032	0.032	0.315
neutral	0.295	0.000	0.090	0.008	0.037	0.054	0.517
angry	0.551	0.000	0.113	0.019	0.019	0.051	0.247
angry	0.592	0.000	0.053	0.011	0.034	0.015	0.295
neutral	0.295	0.000	0.105	0.009	0.037	0.043	0.511
angry	0.553	0.000	0.033	0.003	0.102	0.002	0.308
neutral	0.253	0.000	0.020	0.003	0.142	0.002	0.581
neutral	0.395	0.000	0.036	0.003	0.154	0.001	0.410
angry	0.587	0.000	0.068	0.003	0.116	0.004	0.222
angry	0.575	0.000	0.047	0.001	0.131	0.002	0.243
angry	0.682	0.000	0.045	0.001	0.127	0.001	0.144
angry	0.683	0.000	0.021	0.001	0.088	0.001	0.205
angry	0.619	0.000	0.038	0.002	0.083	0.002	0.256
angry	0.616	0.000	0.017	0.003	0.056	0.008	0.300
angry	0.482	0.000	0.035	0.006	0.053	0.009	0.414
angry	0.543	0.000	0.027	0.006	0.063	0.016	0.345
neutral	0.317	0.000	0.040	0.014	0.037	0.015	0.577
neutral	0.420	0.000	0.025	0.022	0.018	0.016	0.498
neutral	0.296	0.000	0.047	0.006	0.033	0.015	0.604
neutral	0.280	0.000	0.089	0.008	0.048	0.022	0.553
angry	0.535	0.000	0.035	0.018	0.024	0.017	0.371
angry	0.462	0.000	0.040	0.026	0.023	0.019	0.429
angry	0.449	0.000	0.040	0.009	0.040	0.017	0.446
angry	0.518	0.000	0.029	0.008	0.043	0.005	0.396
angry	0.457	0.000	0.046	0.003	0.027	0.015	0.452
neutral	0.355	0.000	0.039	0.012	0.052	0.021	0.521
neutral	0.314	0.000	0.026	0.006	0.072	0.011	0.571
neutral	0.280	0.000	0.017	0.017	0.031	0.012	0.644
angry	0.463	0.000	0.034	0.007	0.051	0.017	0.428
neutral	0.419	0.000	0.025	0.015	0.053	0.011	0.477
neutral	0.363	0.000	0.013	0.016	0.024	0.010	0.574
neutral	0.402	0.000	0.031	0.006	0.041	0.013	0.507
neutral	0.284	0.000	0.064	0.013	0.041	0.025	0.574
neutral	0.378	0.000	0.146	0.013	0.045	0.028	0.390
angry	0.489	0.000	0.024	0.003	0.077	0.009	0.398
angry	0.519	0.000	0.028	0.003	0.063	0.008	0.379
angry	0.539	0.000	0.032	0.002	0.077	0.016	0.334
angry	0.511	0.000	0.034	0.005	0.097	0.004	0.349
angry	0.577	0.000	0.046	0.002	0.172	0.001	0.202
angry	0.489	0.001	0.031	0.001	0.148	0.001	0.328
angry	0.614	0.000	0.048	0.001	0.110	0.003	0.223
angry	0.646	0.000	0.015	0.003	0.038	0.009	0.289
angry	0.658	0.000	0.019	0.003	0.058	0.007	0.255
angry	0.530	0.000	0.017	0.003	0.043	0.008	0.399
angry	0.558	0.000	0.038	0.003	0.074	0.024	0.303
angry	0.572	0.000	0.015	0.003	0.058	0.013	0.338
angry	0.635	0.000	0.052	0.009	0.059	0.012	0.232
angry	0.587	0.000	0.029	0.002	0.120	0.001	0.261
angry	0.668	0.000	0.088	0.001	0.148	0.001	0.094
angry	0.542	0.001	0.074	0.001	0.212	0.001	0.170
angry	0.698	0.000	0.046	0.001	0.106	0.002	0.147
angry	0.602	0.001	0.061	0.001	0.172	0.002	0.162
angry	0.436	0.000	0.022	0.007	0.101	0.001	0.434
neutral	0.234	0.000	0.051	0.004	0.108	0.006	0.597
neutral	0.271	0.000	0.014	0.014	0.045	0.008	0.649
neutral	0.373	0.000	0.027	0.010	0.041	0.019	0.530
angry	0.506	0.001	0.055	0.001	0.208	0.001	0.227
angry	0.553	0.001	0.054	0.001	0.224	0.001	0.166
angry	0.488	0.001	0.039	0.001	0.211	0.001	0.259
angry	0.509	0.001	0.057	0.001	0.208	0.001	0.223
angry	0.433	0.000	0.041	0.003	0.143	0.001	0.379
angry	0.549	0.001	0.043	0.001	0.160	0.001	0.246
angry	0.469	0.001	0.039	0.001	0.208	0.001	0.281
angry	0.583	0.000	0.083	0.001	0.173	0.001	0.157
angry	0.658	0.000	0.066	0.002	0.157	0.001	0.116
angry	0.452	0.000	0.046	0.004	0.156	0.002	0.341
angry	0.449	0.000	0.070	0.010	0.121	0.006	0.344
angry	0.471	0.000	0.094	0.002	0.162	0.003	0.268
angry	0.570	0.000	0.052	0.002	0.200	0.001	0.174
angry	0.449	0.001	0.037	0.001	0.173	0.001	0.338
angry	0.459	0.002	0.036	0.001	0.195	0.001	0.306
neutral	0.317	0.002	0.040	0.001	0.283	0.001	0.356
angry	0.494	0.001	0.041	0.001	0.233	0.001	0.230
angry	0.667	0.000	0.061	0.001	0.141	0.001	0.128
angry	0.546	0.000	0.039	0.001	0.188	0.000	0.225
angry	0.467	0.000	0.037	0.001	0.181	0.001	0.313
angry	0.471	0.000	0.072	0.002	0.134	0.001	0.319
neutral	0.351	0.000	0.061	0.003	0.143	0.001	0.440
neutral	0.386	0.000	0.038	0.002	0.153	0.001	0.419
angry	0.507	0.000	0.045	0.001	0.164	0.001	0.281
angry	0.594	0.000	0.059	0.002	0.174	0.002	0.170
angry	0.425	0.001	0.048	0.001	0.206	0.000	0.319
neutral	0.294	0.000	0.054	0.009	0.127	0.003	0.513
neutral	0.308	0.000	0.071	0.003	0.243	0.001	0.373
angry	0.357	0.000	0.150	0.006	0.172	0.008	0.306
neutral	0.275	0.001	0.080	0.003	0.175	0.002	0.465
angry	0.566	0.001	0.092	0.001	0.194	0.001	0.145
angry	0.529	0.000	0.083	0.002	0.166	0.002	0.218
angry	0.467	0.000	0.050	0.003	0.132	0.002	0.346
neutral	0.287	0.001	0.066	0.007	0.186	0.002	0.451
neutral	0.262	0.000	0.153	0.007	0.168	0.008	0.402
neutral	0.261	0.000	0.134	0.006	0.186	0.006	0.407
neutral	0.340	0.000	0.080	0.005	0.081	0.012	0.482
sad	0.394	0.000	0.065	0.001	0.401	0.000	0.139
angry	0.574	0.001	0.079	0.000	0.304	0.000	0.042
angry	0.438	0.002	0.097	0.000	0.360	0.000	0.103
angry	0.481	0.001	0.065	0.001	0.271	0.000	0.181
angry	0.428	0.001	0.030	0.003	0.123	0.002	0.412
angry	0.463	0.000	0.105	0.006	0.084	0.011	0.330
angry	0.441	0.000	0.054	0.012	0.057	0.014	0.421
angry	0.473	0.000	0.099	0.002	0.160	0.002	0.264
angry	0.416	0.001	0.043	0.002	0.239	0.001	0.299
angry	0.566	0.000	0.053	0.002	0.164	0.001	0.214
angry	0.518	0.001	0.100	0.001	0.191	0.002	0.188
angry	0.442	0.001	0.036	0.003	0.198	0.001	0.320
angry	0.571	0.001	0.062	0.001	0.193	0.001	0.172
angry	0.609	0.001	0.079	0.002	0.164	0.001	0.143
angry	0.478	0.001	0.056	0.001	0.269	0.000	0.194
neutral	0.330	0.000	0.111	0.003	0.201	0.002	0.352
angry	0.585	0.000	0.033	0.001	0.153	0.001	0.226
angry	0.464	0.000	0.060	0.003	0.187	0.002	0.284
angry	0.519	0.001	0.073	0.001	0.190	0.001	0.217
neutral	0.422	0.000	0.044	0.009	0.055	0.007	0.463
neutral	0.407	0.000	0.040	0.004	0.090	0.005	0.455
neutral	0.394	0.000	0.059	0.006	0.080	0.007	0.455
neutral	0.339	0.000	0.105	0.015	0.068	0.014	0.458
neutral	0.264	0.000	0.066	0.008	0.096	0.023	0.544
neutral	0.261	0.000	0.121	0.003	0.224	0.003	0.387
angry	0.441	0.000	0.046	0.002	0.146	0.004	0.362
neutral	0.251	0.001	0.073	0.003	0.242	0.005	0.426
angry	0.397	0.002	0.066	0.001	0.222	0.001	0.311
neutral	0.315	0.001	0.061	0.002	0.174	0.002	0.445
angry	0.439	0.000	0.034	0.004	0.142	0.001	0.380
neutral	0.311	0.001	0.044	0.003	0.125	0.002	0.515
neutral	0.302	0.000	0.066	0.007	0.125	0.010	0.490
neutral	0.400	0.000	0.092	0.005	0.070	0.006	0.427
neutral	0.269	0.000	0.120	0.005	0.156	0.014	0.435
neutral	0.384	0.000	0.101	0.004	0.048	0.030	0.433
neutral	0.299	0.000	0.083	0.004	0.080	0.009	0.525
neutral	0.227	0.000	0.134	0.006	0.134	0.013	0.486
neutral	0.346	0.000	0.112	0.005	0.086	0.015	0.436
neutral	0.352	0.000	0.095	0.003	0.061	0.007	0.481
neutral	0.307	0.000	0.037	0.009	0.050	0.004	0.593
neutral	0.417	0.000	0.068	0.007	0.063	0.007	0.438
angry	0.481	0.000	0.117	0.007	0.031	0.034	0.330
angry	0.555	0.000	0.032	0.002	0.080	0.032	0.299
angry	0.674	0.001	0.050	0.000	0.201	0.001	0.073
angry	0.600	0.000	0.034	0.002	0.129	0.004	0.230
angry	0.504	0.000	0.038	0.001	0.152	0.001	0.303
angry	0.553	0.000	0.049	0.001	0.156	0.001	0.239
angry	0.744	0.000	0.052	0.000	0.127	0.001	0.076
neutral	0.268	0.000	0.043	0.004	0.181	0.002	0.502
neutral	0.323	0.000	0.063	0.008	0.049	0.005	0.552
neutral	0.332	0.000	0.094	0.005	0.117	0.008	0.444
angry	0.478	0.000	0.087	0.004	0.056	0.006	0.369
neutral	0.415	0.000	0.083	0.006	0.061	0.006	0.429
neutral	0.358	0.000	0.081	0.008	0.086	0.009	0.458
angry	0.468	0.000	0.030	0.004	0.057	0.015	0.426
angry	0.457	0.000	0.040	0.003	0.094	0.009	0.397
neutral	0.328	0.000	0.088	0.005	0.098	0.009	0.471
angry	0.558	0.000	0.076	0.008	0.052	0.014	0.291
angry	0.462	0.000	0.116	0.009	0.057	0.012	0.344
angry	0.459	0.000	0.061	0.009	0.077	0.011	0.383
neutral	0.389	0.000	0.067	0.010	0.092	0.007	0.435
neutral	0.341	0.000	0.080	0.010	0.056	0.006	0.507
angry	0.469	0.000	0.114	0.008	0.056	0.015	0.339
angry	0.518	0.000	0.050	0.011	0.063	0.017	0.341
angry	0.431	0.000	0.088	0.010	0.076	0.008	0.388
angry	0.505	0.000	0.071	0.015	0.052	0.012	0.346
angry	0.527	0.000	0.071	0.013	0.047	0.015	0.327
neutral	0.377	0.000	0.045	0.013	0.037	0.015	0.513
angry	0.504	0.000	0.060	0.007	0.071	0.011	0.348
angry	0.413	0.000	0.176	0.002	0.109	0.019	0.280
neutral	0.325	0.000	0.105	0.005	0.078	0.021	0.466
angry	0.452	0.001	0.064	0.004	0.118	0.027	0.336
neutral	0.360	0.000	0.057	0.004	0.107	0.021	0.450
angry	0.477	0.000	0.142	0.005	0.068	0.024	0.283
sad	0.222	0.001	0.082	0.001	0.458	0.001	0.235
angry	0.387	0.001	0.138	0.002	0.329	0.001	0.142
angry	0.352	0.000	0.128	0.009	0.198	0.003	0.310
angry	0.394	0.000	0.107	0.006	0.101	0.006	0.386
angry	0.406	0.001	0.100	0.006	0.103	0.007	0.378
neutral	0.369	0.000	0.056	0.016	0.089	0.009	0.461
neutral	0.302	0.001	0.110	0.005	0.175	0.014	0.393
neutral	0.370	0.000	0.082	0.010	0.089	0.009	0.440
neutral	0.378	0.000	0.104	0.008	0.090	0.009	0.410
neutral	0.375	0.000	0.058	0.029	0.051	0.020	0.466
neutral	0.387	0.000	0.064	0.009	0.064	0.005	0.471
neutral	0.268	0.000	0.049	0.022	0.063	0.013	0.585
angry	0.497	0.000	0.054	0.004	0.104	0.006	0.335
neutral	0.380	0.000	0.093	0.015	0.042	0.027	0.443
neutral	0.417	0.000	0.061	0.011	0.050	0.009	0.451
angry	0.418	0.000	0.040	0.006	0.113	0.009	0.413
neutral	0.281	0.000	0.105	0.007	0.119	0.017	0.471
neutral	0.356	0.000	0.114	0.006	0.094	0.007	0.423
angry	0.431	0.000	0.064	0.008	0.144	0.013	0.340
angry	0.511	0.000	0.062	0.009	0.065	0.008	0.345
neutral	0.367	0.000	0.125	0.006	0.077	0.014	0.412
angry	0.437	0.000	0.060	0.006	0.085	0.015	0.396
angry	0.377	0.000	0.169	0.005	0.077	0.020	0.352
neutral	0.401	0.000	0.091	0.010	0.059	0.010	0.429
neutral	0.294	0.000	0.075	0.011	0.122	0.006	0.491
neutral	0.348	0.000	0.106	0.005	0.109	0.010	0.422
sad	0.349	0.001	0.108	0.001	0.400	0.001	0.141
angry	0.396	0.005	0.156	0.001	0.350	0.003	0.090
angry	0.440	0.003	0.070	0.001	0.313	0.001	0.171
angry	0.424	0.001	0.034	0.004	0.151	0.002	0.384
angry	0.495	0.002	0.085	0.002	0.178	0.004	0.234
angry	0.487	0.001	0.052	0.001	0.183	0.001	0.275
neutral	0.282	0.000	0.032	0.006	0.110	0.006	0.563
angry	0.524	0.000	0.033	0.007	0.121	0.010	0.304
neutral	0.374	0.000	0.100	0.025	0.082	0.017	0.401
angry	0.406	0.000	0.041	0.033	0.101	0.014	0.405
neutral	0.345	0.000	0.029	0.023	0.082	0.009	0.511
angry	0.446	0.000	0.030	0.018	0.103	0.009	0.394
angry	0.556	0.000	0.028	0.022	0.081	0.010	0.302
angry	0.538	0.000	0.027	0.013	0.118	0.014	0.291
angry	0.589	0.000	0.043	0.008	0.235	0.001	0.124
angry	0.634	0.000	0.044	0.005	0.205	0.001	0.111
angry	0.593	0.001	0.057	0.004	0.212	0.002	0.131
angry	0.570	0.000	0.022	0.004	0.127	0.004	0.271
angry	0.527	0.000	0.047	0.019	0.149	0.005	0.253
neutral	0.396	0.000	0.029	0.011	0.068	0.008	0.488
neutral	0.363	0.000	0.043	0.018	0.095	0.005	0.476
neutral	0.407	0.000	0.027	0.014	0.075	0.007	0.471
angry	0.457	0.000	0.059	0.013	0.101	0.007	0.363
neutral	0.429	0.000	0.035	0.014	0.070	0.010	0.441
angry	0.527	0.000	0.057	0.016	0.092	0.011	0.296
angry	0.455	0.000	0.040	0.011	0.066	0.018	0.408
angry	0.521	0.000	0.031	0.009	0.060	0.011	0.368
angry	0.642	0.000	0.028	0.007	0.090	0.008	0.225
angry	0.493	0.000	0.036	0.014	0.140	0.008	0.309
angry	0.454	0.000	0.032	0.007	0.159	0.003	0.344
angry	0.494	0.000	0.042	0.011	0.165	0.010	0.277
angry	0.460	0.000	0.046	0.025	0.137	0.023	0.309
angry	0.497	0.000	0.040	0.025	0.085	0.009	0.344
angry	0.585	0.000	0.035	0.016	0.123	0.010	0.231
angry	0.558	0.000	0.044	0.008	0.131	0.012	0.247
angry	0.496	0.000	0.054	0.009	0.130	0.015	0.297
angry	0.406	0.000	0.043	0.010	0.160	0.018	0.362
angry	0.416	0.001	0.042	0.005	0.233	0.004	0.299
angry	0.459	0.001	0.054	0.004	0.199	0.003	0.281
angry	0.580	0.001	0.059	0.001	0.212	0.001	0.145
angry	0.720	0.001	0.050	0.001	0.130	0.001	0.097
angry	0.607	0.001	0.041	0.001	0.219	0.001	0.129
angry	0.593	0.001	0.044	0.001	0.222	0.001	0.137
angry	0.427	0.000	0.041	0.002	0.244	0.001	0.285
angry	0.455	0.000	0.039	0.006	0.178	0.001	0.321
angry	0.587	0.002	0.041	0.001	0.258	0.001	0.110
angry	0.540	0.001	0.037	0.002	0.237	0.002	0.181
angry	0.517	0.001	0.056	0.001	0.192	0.004	0.229
neutral	0.409	0.000	0.033	0.003	0.080	0.014	0.461
angry	0.561	0.001	0.034	0.003	0.121	0.019	0.261
neutral	0.377	0.000	0.022	0.003	0.053	0.017	0.526
angry	0.422	0.000	0.052	0.005	0.114	0.016	0.390
neutral	0.369	0.000	0.106	0.006	0.125	0.020	0.375
angry	0.439	0.000	0.079	0.005	0.112	0.005	0.360
angry	0.396	0.000	0.036	0.002	0.204	0.001	0.361
angry	0.501	0.002	0.054	0.001	0.291	0.001	0.150
angry	0.434	0.000	0.041	0.001	0.300	0.000	0.223
angry	0.585	0.001	0.052	0.001	0.217	0.002	0.141
angry	0.515	0.000	0.041	0.001	0.217	0.001	0.224
angry	0.337	0.000	0.094	0.005	0.272	0.001	0.292
angry	0.648	0.000	0.038	0.003	0.074	0.010	0.226
angry	0.416	0.000	0.029	0.004	0.128	0.018	0.405
angry	0.529	0.000	0.079	0.006	0.111	0.017	0.259
angry	0.434	0.000	0.096	0.003	0.102	0.008	0.358
angry	0.524	0.000	0.093	0.007	0.109	0.011	0.256
angry	0.556	0.001	0.034	0.003	0.145	0.006	0.255
angry	0.401	0.000	0.052	0.002	0.298	0.001	0.246
angry	0.567	0.002	0.048	0.001	0.231	0.001	0.151
angry	0.588	0.003	0.051	0.000	0.220	0.001	0.135
angry	0.622	0.000	0.054	0.001	0.171	0.003	0.149
angry	0.545	0.001	0.068	0.001	0.214	0.003	0.169
angry	0.736	0.000	0.039	0.002	0.059	0.006	0.158
angry	0.726	0.001	0.033	0.002	0.098	0.003	0.137
angry	0.582	0.001	0.037	0.001	0.178	0.001	0.200
angry	0.583	0.003	0.054	0.001	0.185	0.002	0.171
angry	0.603	0.003	0.054	0.001	0.185	0.001	0.153
angry	0.547	0.003	0.053	0.001	0.233	0.002	0.161
angry	0.360	0.000	0.043	0.001	0.269	0.001	0.326
angry	0.574	0.001	0.051	0.001	0.194	0.001	0.178
angry	0.557	0.001	0.065	0.001	0.229	0.003	0.145
neutral	0.327	0.000	0.036	0.002	0.260	0.001	0.374
angry	0.618	0.001	0.048	0.001	0.175	0.002	0.156
angry	0.388	0.000	0.051	0.002	0.270	0.001	0.289
neutral	0.254	0.000	0.086	0.002	0.294	0.001	0.363
angry	0.322	0.000	0.073	0.005	0.282	0.002	0.317
angry	0.551	0.001	0.056	0.001	0.168	0.002	0.221
neutral	0.385	0.000	0.030	0.008	0.158	0.001	0.418
angry	0.492	0.000	0.081	0.011	0.077	0.020	0.319
angry	0.505	0.000	0.102	0.005	0.087	0.017	0.284
neutral	0.398	0.000	0.046	0.014	0.107	0.011	0.424
angry	0.479	0.000	0.045	0.006	0.175	0.003	0.291
neutral	0.181	0.000	0.052	0.008	0.041	0.036	0.681
angry	0.433	0.000	0.137	0.011	0.120	0.012	0.288
angry	0.471	0.000	0.064	0.005	0.100	0.011	0.350
angry	0.479	0.000	0.113	0.001	0.306	0.001	0.101
angry	0.499	0.000	0.079	0.000	0.365	0.001	0.056
angry	0.504	0.001	0.082	0.000	0.345	0.001	0.068
angry	0.592	0.002	0.062	0.001	0.241	0.001	0.103
angry	0.588	0.001	0.061	0.001	0.204	0.001	0.144
angry	0.441	0.001	0.116	0.007	0.110	0.011	0.313
angry	0.394	0.000	0.122	0.011	0.108	0.019	0.345
angry	0.515	0.000	0.109	0.004	0.095	0.007	0.270
angry	0.621	0.000	0.041	0.004	0.065	0.006	0.263
angry	0.404	0.000	0.105	0.009	0.069	0.026	0.387
angry	0.519	0.000	0.094	0.005	0.056	0.012	0.313
angry	0.495	0.001	0.121	0.007	0.056	0.008	0.312
neutral	0.334	0.000	0.042	0.005	0.049	0.010	0.560
neutral	0.382	0.000	0.011	0.010	0.031	0.005	0.560
angry	0.522	0.001	0.060	0.001	0.335	0.000	0.081
angry	0.465	0.001	0.144	0.000	0.269	0.001	0.119
angry	0.431	0.000	0.054	0.007	0.177	0.002	0.329
angry	0.694	0.001	0.060	0.003	0.141	0.005	0.097
angry	0.573	0.001	0.045	0.029	0.157	0.002	0.193
angry	0.442	0.000	0.066	0.024	0.284	0.002	0.182
angry	0.494	0.000	0.057	0.054	0.176	0.003	0.216
angry	0.501	0.000	0.052	0.013	0.190	0.001	0.242
angry	0.527	0.000	0.044	0.012	0.175	0.002	0.241
angry	0.435	0.000	0.077	0.015	0.197	0.003	0.273
angry	0.404	0.000	0.082	0.034	0.222	0.004	0.252
angry	0.531	0.000	0.053	0.009	0.199	0.001	0.208
neutral	0.320	0.001	0.050	0.042	0.240	0.007	0.340
sad	0.196	0.000	0.080	0.004	0.536	0.002	0.181
sad	0.298	0.001	0.049	0.012	0.408	0.000	0.231
sad	0.320	0.000	0.056	0.010	0.353	0.001	0.260
sad	0.252	0.001	0.025	0.009	0.386	0.000	0.327
angry	0.458	0.000	0.010	0.050	0.088	0.001	0.394
neutral	0.301	0.000	0.014	0.017	0.040	0.000	0.628
angry	0.585	0.000	0.029	0.005	0.046	0.001	0.335
neutral	0.367	0.000	0.010	0.017	0.043	0.000	0.564
neutral	0.271	0.000	0.021	0.041	0.062	0.001	0.604
neutral	0.164	0.000	0.009	0.022	0.044	0.001	0.761
neutral	0.241	0.000	0.020	0.043	0.087	0.001	0.608
neutral	0.219	0.000	0.017	0.008	0.081	0.001	0.675
neutral	0.164	0.000	0.010	0.006	0.053	0.001	0.767
neutral	0.186	0.000	0.026	0.006	0.046	0.001	0.735
neutral	0.231	0.000	0.018	0.014	0.058	0.001	0.677
neutral	0.324	0.000	0.022	0.007	0.066	0.001	0.580
neutral	0.266	0.000	0.022	0.013	0.063	0.001	0.635
neutral	0.318	0.000	0.023	0.008	0.040	0.002	0.610
neutral	0.201	0.000	0.024	0.007	0.032	0.002	0.734
neutral	0.321	0.000	0.033	0.015	0.040	0.003	0.588
neutral	0.290	0.000	0.041	0.017	0.034	0.004	0.613
neutral	0.231	0.000	0.025	0.010	0.032	0.003	0.699
neutral	0.344	0.000	0.030	0.009	0.039	0.002	0.576
neutral	0.299	0.000	0.037	0.007	0.055	0.001	0.601
neutral	0.311	0.000	0.065	0.022	0.040	0.002	0.560
neutral	0.260	0.000	0.030	0.006	0.055	0.002	0.647
neutral	0.310	0.000	0.011	0.010	0.031	0.002	0.637
neutral	0.308	0.000	0.017	0.014	0.028	0.003	0.631
neutral	0.281	0.000	0.033	0.017	0.039	0.004	0.626
neutral	0.155	0.000	0.013	0.018	0.022	0.002	0.790
neutral	0.288	0.000	0.022	0.008	0.043	0.001	0.637
neutral	0.157	0.000	0.011	0.014	0.034	0.001	0.783
neutral	0.114	0.000	0.016	0.043	0.024	0.001	0.801
neutral	0.142	0.000	0.011	0.022	0.029	0.001	0.795
neutral	0.105	0.000	0.022	0.028	0.026	0.002	0.817
neutral	0.059	0.000	0.007	0.018	0.020	0.001	0.895
neutral	0.074	0.000	0.007	0.035	0.011	0.003	0.870
neutral	0.186	0.000	0.017	0.014	0.041	0.001	0.740
neutral	0.126	0.000	0.010	0.022	0.026	0.001	0.815
neutral	0.093	0.001	0.013	0.018	0.042	0.001	0.832
neutral	0.106	0.001	0.031	0.006	0.160	0.000	0.695
neutral	0.118	0.002	0.050	0.007	0.087	0.001	0.735
neutral	0.072	0.001	0.025	0.004	0.065	0.000	0.833
neutral	0.108	0.001	0.022	0.009	0.050	0.001	0.809
neutral	0.090	0.001	0.015	0.012	0.034	0.000	0.849
neutral	0.113	0.001	0.022	0.005	0.045	0.000	0.813
neutral	0.111	0.001	0.028	0.004	0.038	0.001	0.818
neutral	0.143	0.000	0.031	0.006	0.068	0.001	0.750
neutral	0.089	0.000	0.016	0.007	0.019	0.001	0.868
neutral	0.064	0.000	0.013	0.006	0.026	0.000	0.891
neutral	0.067	0.000	0.015	0.022	0.031	0.001	0.864
neutral	0.094	0.001	0.017	0.014	0.046	0.001	0.828
neutral	0.338	0.000	0.054	0.040	0.061	0.007	0.499
neutral	0.374	0.000	0.047	0.020	0.044	0.010	0.504
neutral	0.183	0.000	0.031	0.011	0.043	0.002	0.730
neutral	0.210	0.000	0.046	0.023	0.060	0.004	0.657
neutral	0.305	0.000	0.041	0.021	0.051	0.004	0.578
neutral	0.184	0.000	0.042	0.042	0.038	0.005	0.690
neutral	0.270	0.000	0.029	0.040	0.045	0.002	0.613
neutral	0.264	0.000	0.094	0.024	0.086	0.003	0.528
neutral	0.291	0.000	0.073	0.040	0.041	0.015	0.540
neutral	0.340	0.000	0.064	0.020	0.051	0.006	0.520
neutral	0.269	0.000	0.088	0.015	0.104	0.002	0.521
neutral	0.283	0.000	0.046	0.011	0.049	0.004	0.608
neutral	0.280	0.000	0.044	0.011	0.041	0.005	0.618
angry	0.559	0.000	0.072	0.008	0.071	0.003	0.287
angry	0.573	0.000	0.078	0.012	0.063	0.005	0.268
neutral	0.350	0.000	0.100	0.016	0.075	0.005	0.454
neutral	0.236	0.000	0.028	0.020	0.068	0.001	0.646
neutral	0.419	0.000	0.050	0.011	0.069	0.002	0.450
neutral	0.327	0.000	0.058	0.015	0.076	0.003	0.521
neutral	0.254	0.000	0.026	0.012	0.075	0.000	0.633
neutral	0.295	0.005	0.056	0.002	0.157	0.000	0.484
neutral	0.216	0.003	0.061	0.002	0.337	0.000	0.380
neutral	0.339	0.007	0.044	0.002	0.152	0.000	0.455
neutral	0.206	0.002	0.043	0.008	0.065	0.001	0.674
neutral	0.215	0.005	0.072	0.002	0.102	0.001	0.602
angry	0.456	0.002	0.074	0.001	0.134	0.000	0.332
neutral	0.326	0.009	0.110	0.002	0.153	0.001	0.399
neutral	0.380	0.008	0.078	0.003	0.069	0.001	0.462
neutral	0.368	0.001	0.048	0.003	0.074	0.001	0.504
angry	0.527	0.000	0.045	0.003	0.114	0.001	0.309
neutral	0.404	0.001	0.050	0.005	0.080	0.001	0.460
neutral	0.255	0.001	0.037	0.005	0.052	0.001	0.648
neutral	0.390	0.000	0.028	0.002	0.091	0.000	0.488
angry	0.524	0.000	0.085	0.004	0.066	0.003	0.317
angry	0.511	0.000	0.100	0.005	0.076	0.005	0.301
angry	0.415	0.000	0.132	0.007	0.104	0.004	0.338
angry	0.471	0.000	0.054	0.013	0.128	0.002	0.332
angry	0.679	0.000	0.060	0.007	0.060	0.003	0.191
angry	0.558	0.000	0.047	0.004	0.124	0.001	0.266
angry	0.447	0.000	0.053	0.004	0.111	0.001	0.384
angry	0.568	0.000	0.051	0.003	0.078	0.001	0.298
angry	0.504	0.000	0.038	0.002	0.070	0.001	0.385
angry	0.503	0.000	0.090	0.005	0.107	0.002	0.292
neutral	0.402	0.000	0.030	0.008	0.041	0.002	0.518
angry	0.459	0.000	0.035	0.011	0.040	0.003	0.452
neutral	0.447	0.000	0.037	0.012	0.047	0.003	0.453
angry	0.484	0.000	0.034	0.005	0.057	0.001	0.419
angry	0.605	0.000	0.143	0.025	0.048	0.012	0.166
angry	0.597	0.000	0.031	0.003	0.087	0.001	0.281
neutral	0.199	0.002	0.037	0.003	0.338	0.000	0.422
neutral	0.324	0.007	0.086	0.002	0.183	0.000	0.397
neutral	0.324	0.003	0.026	0.002	0.056	0.000	0.588
neutral	0.279	0.000	0.018	0.010	0.034	0.000	0.659
angry	0.548	0.000	0.065	0.004	0.089	0.001	0.292
angry	0.546	0.000	0.059	0.011	0.091	0.001	0.291
neutral	0.356	0.000	0.034	0.005	0.073	0.001	0.531
neutral	0.415	0.000	0.047	0.010	0.073	0.001	0.454
angry	0.566	0.000	0.065	0.009	0.067	0.001	0.293
angry	0.662	0.000	0.020	0.015	0.039	0.002	0.262
angry	0.655	0.000	0.058	0.018	0.060	0.002	0.207
neutral	0.374	0.000	0.033	0.016	0.072	0.001	0.503
angry	0.427	0.000	0.071	0.010	0.073	0.003	0.415
angry	0.472	0.000	0.062	0.015	0.066	0.004	0.381
angry	0.558	0.000	0.072	0.016	0.077	0.003	0.274
angry	0.561	0.000	0.077	0.015	0.073	0.003	0.270
angry	0.592	0.000	0.053	0.022	0.060	0.005	0.268
angry	0.551	0.000	0.107	0.010	0.082	0.005	0.243
angry	0.584	0.000	0.069	0.019	0.055	0.005	0.268
angry	0.505	0.000	0.079	0.029	0.077	0.005	0.305
angry	0.495	0.000	0.043	0.003	0.073	0.001	0.386
angry	0.561	0.000	0.073	0.024	0.059	0.005	0.278
angry	0.568	0.000	0.086	0.008	0.076	0.005	0.257
angry	0.542	0.000	0.081	0.017	0.073	0.005	0.281
angry	0.591	0.000	0.070	0.009	0.089	0.002	0.239
angry	0.526	0.000	0.056	0.007	0.076	0.003	0.333
angry	0.545	0.000	0.050	0.007	0.082	0.002	0.314
angry	0.653	0.000	0.041	0.009	0.047	0.004	0.246
angry	0.702	0.000	0.052	0.007	0.051	0.005	0.184
angry	0.619	0.000	0.050	0.012	0.052	0.005	0.261
neutral	0.344	0.000	0.030	0.007	0.045	0.002	0.572
neutral	0.328	0.000	0.042	0.021	0.056	0.006	0.547
neutral	0.411	0.000	0.065	0.017	0.050	0.008	0.449
angry	0.439	0.000	0.064	0.013	0.055	0.008	0.420
angry	0.504	0.000	0.074	0.015	0.085	0.004	0.318
neutral	0.354	0.000	0.028	0.011	0.041	0.003	0.563
neutral	0.380	0.000	0.065	0.006	0.083	0.003	0.463
angry	0.617	0.000	0.049	0.005	0.057	0.003	0.269
angry	0.682	0.000	0.059	0.004	0.071	0.003	0.180
angry	0.567	0.000	0.059	0.010	0.097	0.003	0.264
angry	0.561	0.000	0.088	0.009	0.086	0.002	0.255
angry	0.445	0.000	0.075	0.013	0.081	0.002	0.383
angry	0.493	0.000	0.037	0.018	0.067	0.002	0.382
angry	0.587	0.000	0.036	0.015	0.074	0.002	0.285
angry	0.731	0.000	0.047	0.009	0.060	0.002	0.151
angry	0.604	0.001	0.029	0.009	0.074	0.001	0.281
angry	0.657	0.000	0.052	0.008	0.096	0.002	0.184
angry	0.475	0.000	0.066	0.010	0.109	0.003	0.338
fear	0.191	0.000	0.302	0.012	0.277	0.197	0.020
angry	0.510	0.000	0.051	0.017	0.071	0.003	0.347
angry	0.390	0.000	0.103	0.011	0.103	0.002	0.390
angry	0.432	0.000	0.090	0.007	0.116	0.001	0.354
neutral	0.393	0.004	0.048	0.006	0.124	0.000	0.424
angry	0.587	0.001	0.075	0.001	0.089	0.000	0.247
angry	0.456	0.000	0.072	0.003	0.129	0.001	0.339
angry	0.548	0.001	0.027	0.005	0.056	0.001	0.363
angry	0.573	0.000	0.046	0.019	0.095	0.001	0.266
neutral	0.451	0.000	0.021	0.005	0.070	0.001	0.452
angry	0.637	0.000	0.024	0.003	0.054	0.001	0.281
angry	0.641	0.002	0.064	0.002	0.072	0.001	0.219
angry	0.748	0.001	0.038	0.002	0.085	0.001	0.124
angry	0.528	0.000	0.028	0.005	0.053	0.001	0.385
angry	0.643	0.000	0.038	0.005	0.047	0.002	0.265
angry	0.487	0.000	0.025	0.005	0.059	0.001	0.424
neutral	0.417	0.000	0.030	0.010	0.047	0.001	0.495
angry	0.438	0.000	0.052	0.011	0.072	0.002	0.424
angry	0.477	0.000	0.034	0.007	0.044	0.001	0.436
neutral	0.442	0.000	0.038	0.005	0.058	0.001	0.456
angry	0.480	0.000	0.032	0.005	0.052	0.001	0.429
angry	0.478	0.000	0.019	0.007	0.056	0.001	0.438
angry	0.696	0.000	0.053	0.002	0.075	0.001	0.172
angry	0.607	0.000	0.059	0.012	0.090	0.002	0.231
neutral	0.399	0.000	0.097	0.019	0.065	0.003	0.418
angry	0.654	0.000	0.054	0.013	0.087	0.002	0.191
angry	0.540	0.000	0.070	0.022	0.083	0.002	0.283
angry	0.561	0.000	0.074	0.009	0.086	0.003	0.267
angry	0.461	0.000	0.044	0.035	0.090	0.002	0.368
angry	0.544	0.000	0.056	0.013	0.084	0.002	0.301
angry	0.551	0.000	0.041	0.021	0.091	0.001	0.296
angry	0.516	0.000	0.094	0.015	0.114	0.002	0.259
angry	0.565	0.000	0.046	0.006	0.058	0.002	0.324
angry	0.723	0.000	0.031	0.002	0.042	0.001	0.200
angry	0.611	0.000	0.034	0.003	0.070	0.001	0.281
angry	0.615	0.000	0.035	0.001	0.051	0.001	0.296
neutral	0.330	0.000	0.034	0.005	0.061	0.001	0.568
neutral	0.373	0.000	0.037	0.005	0.080	0.001	0.504
angry	0.610	0.000	0.025	0.004	0.043	0.001	0.317
neutral	0.450	0.000	0.025	0.006	0.065	0.003	0.452
angry	0.610	0.000	0.057	0.002	0.042	0.003	0.286
angry	0.632	0.000	0.042	0.004	0.056	0.002	0.263
angry	0.552	0.000	0.039	0.007	0.058	0.002	0.342
angry	0.599	0.000	0.034	0.002	0.040	0.001	0.323
angry	0.801	0.000	0.021	0.001	0.028	0.001	0.147
angry	0.764	0.000	0.026	0.002	0.037	0.002	0.168
angry	0.759	0.000	0.029	0.003	0.035	0.001	0.172
angry	0.677	0.000	0.035	0.002	0.061	0.001	0.224
angry	0.539	0.000	0.025	0.003	0.046	0.001	0.387
angry	0.805	0.000	0.028	0.003	0.032	0.001	0.131
angry	0.652	0.000	0.061	0.004	0.045	0.002	0.235
angry	0.538	0.000	0.037	0.003	0.052	0.001	0.369
neutral	0.415	0.001	0.058	0.003	0.063	0.001	0.459
angry	0.752	0.000	0.036	0.002	0.043	0.001	0.166
angry	0.507	0.000	0.024	0.002	0.040	0.002	0.425
angry	0.703	0.000	0.050	0.003	0.049	0.002	0.194
angry	0.711	0.000	0.043	0.002	0.048	0.002	0.194
angry	0.649	0.000	0.052	0.002	0.052	0.002	0.243
angry	0.593	0.000	0.029	0.005	0.043	0.002	0.327
angry	0.475	0.000	0.054	0.008	0.058	0.002	0.403
angry	0.504	0.000	0.050	0.005	0.044	0.002	0.396
angry	0.483	0.000	0.078	0.005	0.059	0.004	0.370
angry	0.475	0.000	0.052	0.003	0.043	0.002	0.424
angry	0.657	0.000	0.033	0.005	0.027	0.002	0.277
angry	0.542	0.000	0.067	0.008	0.054	0.004	0.326
angry	0.525	0.000	0.025	0.007	0.048	0.002	0.392
angry	0.571	0.000	0.035	0.009	0.044	0.002	0.338
angry	0.641	0.000	0.020	0.002	0.069	0.001	0.267
angry	0.683	0.000	0.040	0.002	0.038	0.002	0.234
angry	0.653	0.000	0.039	0.002	0.046	0.001	0.259
angry	0.478	0.000	0.037	0.002	0.060	0.001	0.422
angry	0.467	0.000	0.064	0.003	0.054	0.003	0.408
angry	0.631	0.000	0.025	0.003	0.046	0.001	0.295
angry	0.592	0.000	0.035	0.003	0.044	0.001	0.326
angry	0.685	0.000	0.036	0.004	0.050	0.001	0.224
angry	0.571	0.000	0.026	0.003	0.049	0.001	0.350
angry	0.474	0.000	0.059	0.001	0.055	0.003	0.407
neutral	0.388	0.000	0.050	0.002	0.093	0.001	0.467
angry	0.468	0.000	0.024	0.002	0.054	0.001	0.451
angry	0.471	0.000	0.059	0.003	0.062	0.003	0.400
angry	0.681	0.000	0.033	0.002	0.050	0.001	0.232
angry	0.738	0.000	0.035	0.001	0.090	0.000	0.136
angry	0.637	0.000	0.034	0.003	0.067	0.001	0.257
angry	0.612	0.000	0.043	0.003	0.043	0.002	0.297
angry	0.613	0.000	0.045	0.002	0.053	0.001	0.286
angry	0.516	0.000	0.040	0.003	0.092	0.001	0.347
neutral	0.295	0.000	0.058	0.003	0.162	0.000	0.480
neutral	0.364	0.000	0.046	0.007	0.081	0.001	0.501
angry	0.511	0.000	0.060	0.004	0.068	0.001	0.357
angry	0.430	0.000	0.118	0.006	0.070	0.003	0.373
angry	0.594	0.000	0.069	0.011	0.048	0.003	0.275
angry	0.571	0.000	0.078	0.007	0.065	0.003	0.276
angry	0.403	0.000	0.100	0.009	0.126	0.002	0.359
angry	0.456	0.000	0.073	0.007	0.065	0.003	0.396
angry	0.520	0.000	0.110	0.003	0.057	0.005	0.305
angry	0.481	0.000	0.101	0.007	0.072	0.003	0.336
neutral	0.433	0.000	0.048	0.005	0.042	0.004	0.468
angry	0.673	0.000	0.074	0.005	0.066	0.002	0.178
angry	0.471	0.000	0.060	0.007	0.058	0.004	0.398
angry	0.544	0.000	0.121	0.004	0.048	0.005	0.278
angry	0.547	0.002	0.082	0.001	0.120	0.000	0.248
angry	0.506	0.002	0.055	0.001	0.110	0.001	0.325
angry	0.461	0.001	0.056	0.002	0.093	0.001	0.386
angry	0.535	0.000	0.039	0.003	0.059	0.002	0.362
angry	0.715	0.000	0.039	0.002	0.048	0.001	0.194
angry	0.441	0.001	0.061	0.001	0.097	0.000	0.398
angry	0.577	0.001	0.052	0.001	0.071	0.001	0.298
angry	0.597	0.001	0.084	0.003	0.113	0.001	0.200
angry	0.493	0.001	0.046	0.002	0.078	0.001	0.380
angry	0.511	0.001	0.069	0.003	0.063	0.001	0.352
neutral	0.441	0.000	0.023	0.004	0.061	0.001	0.470
angry	0.479	0.000	0.043	0.004	0.076	0.001	0.397
angry	0.437	0.001	0.051	0.003	0.095	0.001	0.412
angry	0.591	0.001	0.039	0.004	0.038	0.003	0.326
angry	0.632	0.000	0.053	0.003	0.050	0.001	0.261
neutral	0.448	0.002	0.039	0.004	0.045	0.001	0.462
angry	0.591	0.000	0.046	0.008	0.044	0.004	0.308
angry	0.507	0.000	0.058	0.007	0.062	0.003	0.363
angry	0.621	0.000	0.053	0.002	0.056	0.002	0.266
angry	0.608	0.000	0.046	0.007	0.047	0.003	0.290
angry	0.553	0.000	0.029	0.005	0.052	0.002	0.359
angry	0.558	0.000	0.041	0.004	0.060	0.002	0.336
angry	0.541	0.000	0.053	0.002	0.040	0.001	0.362
angry	0.637	0.000	0.053	0.003	0.076	0.001	0.229
angry	0.517	0.000	0.051	0.004	0.053	0.003	0.372
angry	0.713	0.000	0.048	0.005	0.047	0.002	0.186
angry	0.514	0.000	0.031	0.001	0.074	0.001	0.379
angry	0.580	0.001	0.052	0.001	0.074	0.000	0.291
angry	0.674	0.000	0.024	0.002	0.059	0.001	0.240
angry	0.599	0.000	0.043	0.002	0.038	0.001	0.316
angry	0.640	0.000	0.025	0.001	0.035	0.001	0.297
angry	0.668	0.000	0.026	0.001	0.040	0.001	0.265
angry	0.446	0.001	0.056	0.002	0.063	0.001	0.430
angry	0.466	0.001	0.099	0.001	0.091	0.001	0.339
angry	0.485	0.003	0.044	0.002	0.086	0.000	0.380
angry	0.439	0.001	0.083	0.001	0.085	0.001	0.390
sad	0.226	0.003	0.135	0.001	0.336	0.000	0.301
angry	0.526	0.020	0.061	0.000	0.116	0.000	0.276
angry	0.485	0.005	0.096	0.000	0.128	0.000	0.286
angry	0.524	0.006	0.055	0.001	0.071	0.001	0.342
angry	0.655	0.000	0.052	0.001	0.052	0.001	0.239
angry	0.771	0.000	0.046	0.001	0.044	0.001	0.136
angry	0.670	0.000	0.027	0.001	0.037	0.001	0.264
angry	0.565	0.002	0.047	0.001	0.050	0.000	0.334
angry	0.565	0.001	0.038	0.001	0.046	0.000	0.348
neutral	0.292	0.000	0.027	0.022	0.037	0.001	0.621
neutral	0.387	0.000	0.056	0.009	0.037	0.005	0.505
neutral	0.384	0.000	0.021	0.011	0.029	0.001	0.553
neutral	0.329	0.000	0.026	0.016	0.043	0.002	0.583
angry	0.643	0.000	0.049	0.005	0.034	0.004	0.264
angry	0.678	0.000	0.046	0.004	0.033	0.002	0.237
angry	0.567	0.000	0.056	0.004	0.030	0.005	0.338
angry	0.450	0.000	0.051	0.012	0.037	0.003	0.447
neutral	0.387	0.000	0.050	0.012	0.052	0.002	0.496
neutral	0.380	0.000	0.052	0.013	0.052	0.003	0.501
angry	0.570	0.000	0.056	0.010	0.048	0.003	0.313
angry	0.481	0.000	0.063	0.014	0.060	0.003	0.379
angry	0.562	0.000	0.064	0.005	0.044	0.003	0.322
angry	0.474	0.000	0.064	0.020	0.054	0.005	0.383
angry	0.538	0.000	0.046	0.002	0.073	0.002	0.339
angry	0.459	0.000	0.037	0.002	0.074	0.001	0.427
neutral	0.346	0.001	0.037	0.003	0.042	0.001	0.570
neutral	0.394	0.001	0.020	0.008	0.029	0.001	0.547
