prediction	angry	disgust	fear	happy	sad	surprise	neutral
neutral	0.071	0.000	0.018	0.005	0.196	0.000	0.710
neutral	0.160	0.000	0.025	0.002	0.247	0.000	0.564
neutral	0.176	0.000	0.017	0.003	0.254	0.000	0.549
neutral	0.123	0.000	0.028	0.004	0.234	0.000	0.611
neutral	0.191	0.000	0.022	0.006	0.140	0.000	0.641
neutral	0.086	0.000	0.013	0.014	0.054	0.000	0.832
neutral	0.240	0.000	0.016	0.003	0.130	0.000	0.612
neutral	0.144	0.000	0.011	0.019	0.045	0.000	0.782
neutral	0.312	0.000	0.018	0.002	0.095	0.000	0.573
neutral	0.274	0.000	0.012	0.004	0.081	0.000	0.629
neutral	0.179	0.000	0.015	0.006	0.086	0.000	0.714
neutral	0.204	0.000	0.007	0.011	0.055	0.000	0.724
neutral	0.146	0.000	0.010	0.005	0.069	0.000	0.770
neutral	0.276	0.000	0.019	0.008	0.110	0.000	0.588
neutral	0.309	0.000	0.040	0.004	0.184	0.000	0.463
neutral	0.253	0.000	0.043	0.006	0.181	0.000	0.517
neutral	0.247	0.000	0.012	0.011	0.089	0.000	0.641
neutral	0.208	0.000	0.006	0.008	0.082	0.000	0.697
neutral	0.153	0.000	0.005	0.007	0.070	0.000	0.764
neutral	0.164	0.000	0.022	0.004	0.126	0.000	0.684
neutral	0.177	0.000	0.022	0.002	0.103	0.000	0.695
neutral	0.184	0.000	0.020	0.003	0.102	0.000	0.691
neutral	0.192	0.000	0.032	0.004	0.133	0.000	0.638
neutral	0.212	0.000	0.014	0.005	0.112	0.000	0.658
neutral	0.184	0.000	0.009	0.006	0.085	0.000	0.716
neutral	0.314	0.000	0.028	0.002	0.167	0.000	0.488
neutral	0.415	0.000	0.022	0.002	0.125	0.000	0.436
neutral	0.263	0.000	0.047	0.002	0.237	0.000	0.451
neutral	0.216	0.000	0.016	0.002	0.116	0.000	0.649
neutral	0.268	0.000	0.034	0.003	0.205	0.000	0.489
neutral	0.126	0.000	0.016	0.002	0.178	0.000	0.677
neutral	0.240	0.000	0.018	0.004	0.103	0.000	0.635
neutral	0.141	0.000	0.017	0.008	0.131	0.000	0.703
neutral	0.101	0.000	0.012	0.001	0.132	0.000	0.753
neutral	0.085	0.000	0.010	0.002	0.120	0.000	0.783
neutral	0.115	0.000	0.015	0.002	0.129	0.000	0.740
neutral	0.167	0.000	0.020	0.001	0.151	0.000	0.661
neutral	0.137	0.000	0.025	0.012	0.164	0.000	0.661
neutral	0.093	0.000	0.033	0.007	0.149	0.001	0.717
neutral	0.108	0.000	0.021	0.002	0.137	0.000	0.732
neutral	0.178	0.000	0.019	0.001	0.217	0.000	0.584
neutral	0.134	0.000	0.014	0.002	0.175	0.000	0.675
neutral	0.106	0.000	0.007	0.003	0.161	0.000	0.722
neutral	0.150	0.000	0.016	0.006	0.157	0.000	0.670
neutral	0.225	0.000	0.015	0.003	0.112	0.000	0.646
neutral	0.269	0.000	0.024	0.002	0.117	0.000	0.587
neutral	0.260	0.000	0.035	0.005	0.145	0.000	0.555
neutral	0.284	0.000	0.031	0.006	0.143	0.000	0.536
neutral	0.244	0.000	0.017	0.004	0.094	0.000	0.641
neutral	0.258	0.000	0.019	0.006	0.102	0.000	0.615
neutral	0.336	0.000	0.041	0.005	0.190	0.000	0.429
neutral	0.362	0.000	0.029	0.004	0.139	0.000	0.466
neutral	0.259	0.000	0.026	0.008	0.106	0.001	0.601
neutral	0.208	0.000	0.017	0.002	0.119	0.000	0.654
neutral	0.153	0.000	0.008	0.002	0.091	0.000	0.747
neutral	0.179	0.000	0.009	0.002	0.147	0.000	0.663
neutral	0.233	0.000	0.011	0.001	0.110	0.000	0.644
neutral	0.168	0.000	0.005	0.002	0.068	0.000	0.756
neutral	0.184	0.000	0.006	0.004	0.049	0.000	0.756
neutral	0.314	0.000	0.044	0.004	0.187	0.000	0.451
neutral	0.088	0.000	0.012	0.002	0.121	0.000	0.776
sad	0.140	0.000	0.032	0.002	0.442	0.000	0.384
sad	0.191	0.000	0.062	0.007	0.418	0.001	0.320
neutral	0.266	0.000	0.035	0.006	0.184	0.000	0.509
angry	0.402	0.000	0.043	0.002	0.289	0.001	0.262
neutral	0.192	0.000	0.018	0.001	0.180	0.001	0.607
neutral	0.120	0.000	0.017	0.002	0.242	0.000	0.618
neutral	0.136	0.000	0.014	0.002	0.226	0.000	0.622
neutral	0.109	0.000	0.024	0.005	0.144	0.001	0.718
neutral	0.137	0.000	0.022	0.008	0.135	0.001	0.698
neutral	0.171	0.000	0.015	0.014	0.104	0.001	0.695
neutral	0.212	0.000	0.014	0.009	0.117	0.000	0.648
neutral	0.143	0.000	0.009	0.009	0.071	0.000	0.769
neutral	0.309	0.000	0.069	0.018	0.154	0.002	0.448
neutral	0.216	0.000	0.023	0.013	0.094	0.001	0.652
neutral	0.126	0.000	0.017	0.002	0.093	0.000	0.761
neutral	0.079	0.000	0.013	0.012	0.057	0.000	0.838
neutral	0.066	0.000	0.012	0.003	0.083	0.000	0.836
neutral	0.088	0.000	0.012	0.018	0.049	0.001	0.833
neutral	0.043	0.000	0.016	0.002	0.070	0.000	0.868
neutral	0.073	0.000	0.021	0.005	0.065	0.000	0.835
neutral	0.047	0.000	0.025	0.011	0.065	0.002	0.851
neutral	0.086	0.000	0.026	0.022	0.087	0.001	0.779
neutral	0.119	0.000	0.024	0.012	0.098	0.001	0.746
neutral	0.072	0.000	0.021	0.011	0.073	0.000	0.823
neutral	0.083	0.000	0.013	0.010	0.072	0.000	0.821
neutral	0.050	0.000	0.028	0.017	0.096	0.001	0.808
neutral	0.051	0.000	0.033	0.012	0.096	0.001	0.806
neutral	0.075	0.000	0.015	0.021	0.053	0.001	0.835
neutral	0.088	0.000	0.038	0.011	0.099	0.000	0.763
neutral	0.071	0.000	0.021	0.020	0.075	0.000	0.812
neutral	0.038	0.000	0.009	0.016	0.043	0.000	0.893
neutral	0.089	0.000	0.075	0.006	0.185	0.001	0.644
neutral	0.063	0.000	0.039	0.013	0.077	0.000	0.807
neutral	0.144	0.000	0.045	0.009	0.145	0.001	0.656
neutral	0.091	0.000	0.021	0.013	0.080	0.001	0.794
neutral	0.081	0.000	0.014	0.021	0.052	0.000	0.833
neutral	0.086	0.000	0.038	0.011	0.130	0.001	0.734
neutral	0.077	0.000	0.047	0.017	0.115	0.001	0.743
neutral	0.065	0.000	0.060	0.025	0.083	0.002	0.766
neutral	0.051	0.000	0.015	0.022	0.053	0.001	0.858
neutral	0.044	0.000	0.014	0.014	0.046	0.000	0.881
neutral	0.069	0.000	0.018	0.021	0.059	0.001	0.831
neutral	0.063	0.000	0.026	0.004	0.102	0.000	0.805
neutral	0.066	0.000	0.070	0.007	0.124	0.001	0.733
neutral	0.046	0.000	0.025	0.005	0.085	0.001	0.839
neutral	0.046	0.000	0.025	0.012	0.062	0.001	0.855
neutral	0.062	0.000	0.024	0.007	0.063	0.000	0.843
neutral	0.037	0.000	0.049	0.019	0.070	0.002	0.822
neutral	0.044	0.000	0.023	0.004	0.085	0.000	0.843
neutral	0.031	0.000	0.016	0.004	0.056	0.000	0.892
neutral	0.041	0.000	0.038	0.016	0.087	0.001	0.817
neutral	0.028	0.000	0.013	0.006	0.055	0.000	0.897
neutral	0.032	0.000	0.010	0.008	0.039	0.000	0.911
neutral	0.037	0.000	0.016	0.005	0.084	0.000	0.857
neutral	0.038	0.000	0.025	0.008	0.071	0.001	0.857
neutral	0.073	0.000	0.054	0.015	0.083	0.002	0.774
neutral	0.079	0.000	0.048	0.012	0.095	0.001	0.765
neutral	0.059	0.000	0.044	0.013	0.102	0.001	0.780
neutral	0.066	0.000	0.057	0.014	0.161	0.001	0.701
neutral	0.073	0.000	0.049	0.005	0.118	0.001	0.753
neutral	0.062	0.000	0.047	0.010	0.121	0.001	0.758
neutral	0.095	0.000	0.054	0.014	0.106	0.001	0.731
neutral	0.049	0.000	0.023	0.006	0.090	0.000	0.832
neutral	0.054	0.000	0.037	0.006	0.095	0.001	0.808
neutral	0.072	0.000	0.054	0.006	0.151	0.001	0.715
neutral	0.044	0.000	0.045	0.010	0.118	0.001	0.782
neutral	0.059	0.000	0.053	0.012	0.159	0.001	0.715
neutral	0.065	0.000	0.044	0.013	0.164	0.001	0.714
neutral	0.043	0.000	0.021	0.006	0.084	0.000	0.846
neutral	0.050	0.000	0.034	0.008	0.128	0.000	0.780
neutral	0.077	0.000	0.049	0.015	0.207	0.001	0.652
neutral	0.062	0.000	0.045	0.010	0.159	0.001	0.722
neutral	0.064	0.000	0.023	0.005	0.090	0.001	0.817
neutral	0.041	0.000	0.025	0.005	0.075	0.000	0.855
neutral	0.053	0.000	0.035	0.006	0.088	0.001	0.817
neutral	0.053	0.000	0.029	0.007	0.088	0.001	0.822
neutral	0.072	0.000	0.047	0.006	0.182	0.001	0.692
neutral	0.073	0.000	0.046	0.010	0.138	0.001	0.732
neutral	0.057	0.000	0.056	0.008	0.167	0.001	0.711
neutral	0.051	0.000	0.032	0.006	0.101	0.000	0.810
neutral	0.056	0.000	0.014	0.008	0.049	0.000	0.873
neutral	0.072	0.000	0.017	0.009	0.073	0.000	0.828
neutral	0.057	0.000	0.014	0.008	0.037	0.000	0.883
neutral	0.186	0.000	0.054	0.024	0.124	0.002	0.610
neutral	0.182	0.000	0.025	0.027	0.094	0.001	0.671
neutral	0.086	0.000	0.014	0.021	0.100	0.000	0.780
neutral	0.125	0.000	0.012	0.024	0.058	0.001	0.780
neutral	0.126	0.000	0.016	0.034	0.075	0.001	0.748
neutral	0.108	0.000	0.009	0.017	0.061	0.000	0.806
neutral	0.120	0.000	0.007	0.012	0.066	0.000	0.794
neutral	0.238	0.000	0.041	0.007	0.145	0.001	0.567
neutral	0.081	0.000	0.034	0.009	0.145	0.000	0.731
neutral	0.151	0.000	0.044	0.012	0.151	0.001	0.641
neutral	0.143	0.000	0.030	0.013	0.141	0.001	0.673
neutral	0.070	0.000	0.032	0.009	0.135	0.000	0.753
neutral	0.089	0.000	0.038	0.013	0.093	0.001	0.765
neutral	0.119	0.000	0.045	0.013	0.128	0.001	0.693
neutral	0.045	0.000	0.010	0.009	0.051	0.000	0.885
neutral	0.082	0.000	0.026	0.006	0.105	0.000	0.780
neutral	0.077	0.000	0.020	0.015	0.065	0.000	0.823
neutral	0.065	0.000	0.015	0.017	0.057	0.000	0.846
neutral	0.052	0.000	0.016	0.014	0.058	0.000	0.860
neutral	0.053	0.000	0.016	0.010	0.071	0.000	0.850
neutral	0.060	0.000	0.016	0.010	0.082	0.000	0.832
neutral	0.119	0.000	0.031	0.009	0.087	0.000	0.754
neutral	0.077	0.000	0.026	0.008	0.082	0.000	0.806
neutral	0.129	0.000	0.024	0.013	0.093	0.000	0.742
neutral	0.160	0.000	0.035	0.011	0.114	0.000	0.679
neutral	0.143	0.000	0.046	0.021	0.077	0.002	0.711
neutral	0.178	0.000	0.037	0.012	0.078	0.001	0.694
neutral	0.262	0.000	0.093	0.006	0.158	0.001	0.480
neutral	0.185	0.000	0.132	0.010	0.212	0.003	0.459
neutral	0.103	0.000	0.031	0.012	0.076	0.001	0.778
neutral	0.214	0.000	0.034	0.013	0.115	0.001	0.623
neutral	0.110	0.000	0.020	0.006	0.069	0.000	0.795
neutral	0.160	0.000	0.032	0.015	0.072	0.000	0.721
neutral	0.147	0.000	0.038	0.012	0.086	0.001	0.716
neutral	0.195	0.000	0.038	0.012	0.083	0.001	0.671
neutral	0.192	0.000	0.032	0.008	0.091	0.001	0.676
neutral	0.193	0.000	0.038	0.019	0.094	0.001	0.654
neutral	0.193	0.000	0.021	0.021	0.084	0.001	0.679
neutral	0.230	0.000	0.042	0.012	0.115	0.001	0.601
neutral	0.204	0.000	0.057	0.011	0.160	0.001	0.566
neutral	0.095	0.000	0.015	0.018	0.058	0.000	0.814
neutral	0.081	0.000	0.017	0.008	0.067	0.000	0.827
neutral	0.153	0.000	0.023	0.012	0.085	0.000	0.726
neutral	0.081	0.000	0.009	0.008	0.059	0.000	0.843
neutral	0.124	0.000	0.010	0.006	0.066	0.000	0.794
neutral	0.210	0.000	0.042	0.004	0.195	0.000	0.549
neutral	0.137	0.000	0.024	0.012	0.086	0.000	0.740
neutral	0.134	0.000	0.012	0.003	0.116	0.000	0.735
neutral	0.163	0.000	0.021	0.005	0.119	0.000	0.692
neutral	0.127	0.000	0.023	0.006	0.109	0.000	0.734
neutral	0.121	0.000	0.031	0.007	0.095	0.000	0.745
neutral	0.186	0.000	0.021	0.006	0.089	0.000	0.698
neutral	0.152	0.000	0.015	0.005	0.093	0.000	0.735
neutral	0.150	0.000	0.009	0.008	0.082	0.000	0.751
neutral	0.144	0.000	0.029	0.010	0.076	0.000	0.741
neutral	0.224	0.000	0.033	0.022	0.149	0.001	0.572
neutral	0.186	0.000	0.053	0.019	0.202	0.001	0.539
neutral	0.189	0.000	0.040	0.008	0.146	0.001	0.616
neutral	0.188	0.000	0.020	0.012	0.088	0.001	0.691
neutral	0.286	0.000	0.073	0.006	0.157	0.003	0.476
neutral	0.137	0.000	0.016	0.018	0.058	0.001	0.770
neutral	0.168	0.000	0.100	0.014	0.147	0.002	0.569
neutral	0.178	0.000	0.036	0.013	0.100	0.001	0.671
neutral	0.177	0.000	0.054	0.014	0.098	0.001	0.657
neutral	0.098	0.000	0.016	0.007	0.067	0.000	0.812
neutral	0.078	0.000	0.047	0.019	0.061	0.002	0.794
neutral	0.175	0.000	0.056	0.014	0.128	0.002	0.624
neutral	0.157	0.000	0.055	0.015	0.092	0.001	0.681
neutral	0.162	0.000	0.073	0.007	0.117	0.002	0.640
neutral	0.318	0.000	0.053	0.006	0.149	0.001	0.473
neutral	0.350	0.000	0.040	0.007	0.121	0.001	0.482
neutral	0.212	0.000	0.050	0.009	0.103	0.001	0.624
neutral	0.243	0.000	0.060	0.008	0.108	0.001	0.581
neutral	0.098	0.000	0.039	0.012	0.068	0.001	0.783
neutral	0.119	0.000	0.044	0.008	0.098	0.001	0.730
neutral	0.118	0.000	0.039	0.007	0.077	0.000	0.758
neutral	0.155	0.000	0.060	0.008	0.105	0.001	0.671
neutral	0.121	0.000	0.046	0.008	0.102	0.000	0.722
neutral	0.096	0.000	0.034	0.005	0.105	0.000	0.759
neutral	0.106	0.000	0.043	0.010	0.139	0.001	0.701
neutral	0.062	0.000	0.016	0.007	0.076	0.000	0.839
neutral	0.150	0.000	0.074	0.007	0.170	0.001	0.598
neutral	0.194	0.000	0.062	0.011	0.143	0.001	0.589
neutral	0.128	0.000	0.020	0.018	0.069	0.001	0.764
neutral	0.122	0.000	0.050	0.007	0.127	0.001	0.693
neutral	0.084	0.000	0.019	0.007	0.054	0.000	0.837
neutral	0.202	0.000	0.094	0.010	0.181	0.001	0.512
neutral	0.126	0.000	0.029	0.013	0.066	0.000	0.767
neutral	0.197	0.000	0.059	0.013	0.115	0.001	0.615
neutral	0.182	0.000	0.054	0.017	0.124	0.001	0.622
neutral	0.134	0.000	0.045	0.015	0.124	0.001	0.681
neutral	0.070	0.000	0.030	0.007	0.084	0.001	0.807
neutral	0.128	0.000	0.035	0.014	0.084	0.001	0.738
neutral	0.127	0.000	0.020	0.010	0.076	0.000	0.767
neutral	0.111	0.000	0.032	0.015	0.045	0.001	0.797
neutral	0.094	0.000	0.019	0.018	0.046	0.000	0.823
neutral	0.176	0.000	0.022	0.021	0.087	0.000	0.695
neutral	0.152	0.000	0.020	0.010	0.068	0.001	0.750
neutral	0.235	0.000	0.026	0.017	0.071	0.001	0.650
neutral	0.081	0.000	0.049	0.006	0.123	0.001	0.741
neutral	0.062	0.000	0.032	0.012	0.088	0.001	0.805
neutral	0.084	0.000	0.047	0.013	0.107	0.001	0.747
neutral	0.084	0.000	0.048	0.008	0.136	0.001	0.723
neutral	0.083	0.000	0.055	0.016	0.100	0.001	0.744
neutral	0.125	0.000	0.038	0.019	0.097	0.001	0.720
neutral	0.252	0.000	0.033	0.006	0.139	0.000	0.569
neutral	0.144	0.000	0.029	0.016	0.059	0.001	0.752
neutral	0.165	0.000	0.027	0.015	0.083	0.001	0.710
neutral	0.083	0.000	0.032	0.013	0.082	0.001	0.790
neutral	0.225	0.000	0.051	0.022	0.113	0.001	0.588
neutral	0.117	0.000	0.018	0.018	0.036	0.001	0.810
neutral	0.112	0.000	0.044	0.014	0.079	0.001	0.751
neutral	0.100	0.000	0.035	0.020	0.080	0.001	0.764
neutral	0.125	0.000	0.043	0.014	0.083	0.001	0.735
neutral	0.072	0.000	0.026	0.015	0.063	0.001	0.823
neutral	0.054	0.000	0.023	0.011	0.045	0.001	0.866
neutral	0.197	0.000	0.054	0.012	0.116	0.001	0.620
neutral	0.069	0.000	0.010	0.016	0.041	0.000	0.864
neutral	0.104	0.000	0.031	0.017	0.079	0.001	0.768
neutral	0.064	0.000	0.016	0.015	0.055	0.000	0.850
neutral	0.049	0.000	0.011	0.008	0.058	0.000	0.873
neutral	0.072	0.000	0.042	0.011	0.077	0.002	0.796
neutral	0.092	0.000	0.039	0.011	0.094	0.001	0.762
neutral	0.097	0.000	0.022	0.027	0.079	0.001	0.774
neutral	0.159	0.000	0.040	0.002	0.149	0.001	0.648
neutral	0.116	0.000	0.023	0.012	0.096	0.001	0.752
neutral	0.141	0.000	0.049	0.015	0.103	0.002	0.692
neutral	0.184	0.000	0.044	0.012	0.110	0.002	0.648
neutral	0.121	0.000	0.048	0.021	0.106	0.002	0.703
neutral	0.149	0.000	0.051	0.018	0.084	0.001	0.697
neutral	0.134	0.000	0.045	0.013	0.079	0.001	0.727
neutral	0.132	0.000	0.085	0.023	0.125	0.005	0.630
neutral	0.106	0.000	0.016	0.013	0.052	0.001	0.813
neutral	0.200	0.000	0.041	0.018	0.112	0.001	0.628
neutral	0.220	0.000	0.116	0.012	0.130	0.004	0.517
neutral	0.195	0.000	0.145	0.016	0.149	0.003	0.492
neutral	0.161	0.000	0.131	0.021	0.195	0.002	0.490
neutral	0.143	0.000	0.030	0.020	0.057	0.001	0.749
neutral	0.169	0.000	0.024	0.018	0.072	0.001	0.718
neutral	0.092	0.000	0.041	0.006	0.092	0.001	0.768
neutral	0.131	0.000	0.091	0.016	0.143	0.003	0.614
neutral	0.166	0.000	0.054	0.012	0.125	0.001	0.641
neutral	0.082	0.000	0.017	0.021	0.057	0.001	0.822
neutral	0.050	0.000	0.013	0.007	0.047	0.000	0.883
neutral	0.049	0.000	0.015	0.008	0.052	0.000	0.875
neutral	0.089	0.000	0.024	0.012	0.064	0.001	0.810
neutral	0.117	0.000	0.027	0.006	0.071	0.001	0.779
neutral	0.253	0.000	0.039	0.007	0.160	0.002	0.539
neutral	0.136	0.000	0.016	0.016	0.072	0.000	0.759
neutral	0.131	0.000	0.026	0.013	0.076	0.001	0.753
neutral	0.062	0.000	0.017	0.012	0.035	0.001	0.874
neutral	0.087	0.000	0.016	0.013	0.047	0.000	0.837
neutral	0.106	0.000	0.014	0.016	0.062	0.000	0.801
neutral	0.042	0.000	0.010	0.012	0.024	0.000	0.912
neutral	0.056	0.000	0.009	0.015	0.028	0.000	0.892
neutral	0.096	0.000	0.008	0.020	0.035	0.001	0.840
neutral	0.092	0.000	0.015	0.011	0.039	0.001	0.842
neutral	0.100	0.000	0.015	0.015	0.047	0.001	0.823
neutral	0.201	0.000	0.036	0.019	0.116	0.001	0.628
neutral	0.096	0.000	0.018	0.013	0.035	0.001	0.838
neutral	0.119	0.000	0.015	0.014	0.065	0.001	0.787
neutral	0.143	0.000	0.015	0.021	0.067	0.001	0.753
neutral	0.093	0.000	0.018	0.010	0.063	0.000	0.815
neutral	0.117	0.000	0.051	0.016	0.132	0.001	0.684
neutral	0.118	0.000	0.027	0.012	0.075	0.000	0.768
neutral	0.171	0.000	0.059	0.012	0.101	0.001	0.655
neutral	0.095	0.000	0.018	0.016	0.060	0.001	0.810
neutral	0.080	0.000	0.018	0.004	0.096	0.000	0.802
neutral	0.096	0.000	0.019	0.010	0.066	0.000	0.808
neutral	0.094	0.000	0.014	0.010	0.064	0.000	0.817
neutral	0.096	0.000	0.011	0.013	0.056	0.000	0.823
neutral	0.170	0.000	0.032	0.006	0.095	0.001	0.696
neutral	0.206	0.000	0.041	0.007	0.134	0.003	0.609
neutral	0.056	0.000	0.012	0.011	0.028	0.000	0.892
neutral	0.103	0.000	0.021	0.006	0.065	0.000	0.805
neutral	0.106	0.000	0.018	0.014	0.072	0.001	0.789
neutral	0.122	0.000	0.049	0.008	0.107	0.001	0.714
neutral	0.176	0.000	0.045	0.010	0.112	0.001	0.655
neutral	0.193	0.000	0.152	0.005	0.200	0.005	0.444
neutral	0.089	0.000	0.010	0.013	0.057	0.000	0.830
neutral	0.130	0.000	0.039	0.010	0.110	0.002	0.710
neutral	0.151	0.000	0.029	0.006	0.087	0.002	0.725
neutral	0.101	0.000	0.055	0.031	0.156	0.001	0.656
neutral	0.172	0.000	0.054	0.013	0.121	0.001	0.639
neutral	0.099	0.000	0.035	0.014	0.074	0.001	0.777
neutral	0.114	0.000	0.033	0.010	0.098	0.001	0.744
neutral	0.180	0.000	0.029	0.018	0.077	0.001	0.696
neutral	0.199	0.000	0.044	0.013	0.102	0.002	0.640
neutral	0.226	0.000	0.042	0.014	0.093	0.001	0.624
neutral	0.222	0.000	0.055	0.012	0.111	0.001	0.598
neutral	0.209	0.000	0.019	0.019	0.060	0.000	0.692
neutral	0.238	0.000	0.034	0.015	0.097	0.001	0.616
neutral	0.158	0.000	0.089	0.012	0.151	0.001	0.589
neutral	0.119	0.000	0.009	0.013	0.048	0.000	0.811
neutral	0.221	0.000	0.054	0.007	0.145	0.002	0.572
neutral	0.125	0.000	0.013	0.008	0.061	0.000	0.793
neutral	0.113	0.000	0.011	0.018	0.046	0.001	0.812
neutral	0.071	0.000	0.013	0.013	0.032	0.000	0.871
neutral	0.073	0.000	0.013	0.011	0.040	0.000	0.863
neutral	0.135	0.000	0.014	0.015	0.043	0.000	0.792
neutral	0.113	0.000	0.020	0.025	0.070	0.001	0.771
neutral	0.102	0.000	0.009	0.018	0.038	0.000	0.832
neutral	0.101	0.000	0.034	0.018	0.125	0.000	0.721
neutral	0.184	0.000	0.055	0.016	0.076	0.002	0.667
neutral	0.177	0.000	0.030	0.014	0.075	0.001	0.703
neutral	0.209	0.000	0.014	0.011	0.084	0.000	0.681
neutral	0.159	0.000	0.023	0.015	0.067	0.000	0.735
neutral	0.100	0.000	0.027	0.006	0.088	0.001	0.778
neutral	0.295	0.000	0.046	0.002	0.265	0.000	0.393
neutral	0.223	0.000	0.011	0.002	0.104	0.000	0.659
neutral	0.232	0.000	0.015	0.002	0.086	0.000	0.665
neutral	0.295	0.000	0.013	0.004	0.131	0.000	0.558
neutral	0.205	0.000	0.030	0.008	0.140	0.000	0.616
neutral	0.308	0.000	0.016	0.002	0.106	0.000	0.566
neutral	0.153	0.000	0.006	0.001	0.090	0.000	0.749
neutral	0.175	0.000	0.011	0.002	0.105	0.000	0.706
neutral	0.227	0.000	0.016	0.004	0.146	0.000	0.607
neutral	0.213	0.000	0.029	0.007	0.165	0.000	0.586
neutral	0.176	0.000	0.048	0.011	0.168	0.002	0.594
neutral	0.195	0.000	0.013	0.006	0.105	0.000	0.680
neutral	0.148	0.000	0.015	0.005	0.097	0.000	0.735
neutral	0.123	0.000	0.015	0.009	0.090	0.000	0.762
neutral	0.195	0.000	0.024	0.005	0.125	0.000	0.651
neutral	0.119	0.000	0.022	0.007	0.117	0.000	0.735
neutral	0.184	0.000	0.033	0.004	0.159	0.000	0.620
neutral	0.113	0.000	0.026	0.004	0.150	0.000	0.707
neutral	0.118	0.000	0.028	0.004	0.111	0.000	0.738
neutral	0.131	0.000	0.031	0.004	0.096	0.000	0.736
neutral	0.176	0.000	0.032	0.005	0.138	0.000	0.649
neutral	0.136	0.000	0.017	0.004	0.094	0.000	0.750
neutral	0.156	0.000	0.037	0.004	0.165	0.000	0.637
neutral	0.144	0.000	0.034	0.004	0.155	0.001	0.663
neutral	0.185	0.000	0.018	0.003	0.114	0.000	0.680
neutral	0.164	0.000	0.032	0.006	0.129	0.000	0.669
neutral	0.260	0.000	0.054	0.007	0.201	0.001	0.476
neutral	0.172	0.000	0.032	0.004	0.150	0.001	0.641
neutral	0.223	0.000	0.028	0.010	0.118	0.000	0.622
neutral	0.203	0.000	0.019	0.006	0.151	0.000	0.620
neutral	0.126	0.000	0.016	0.012	0.097	0.000	0.749
neutral	0.272	0.000	0.016	0.006	0.125	0.000	0.580
neutral	0.202	0.000	0.018	0.007	0.147	0.000	0.625
neutral	0.211	0.000	0.013	0.010	0.129	0.000	0.638
neutral	0.224	0.000	0.018	0.005	0.145	0.000	0.608
neutral	0.248	0.000	0.021	0.005	0.160	0.000	0.566
neutral	0.220	0.000	0.037	0.005	0.193	0.001	0.544
neutral	0.165	0.000	0.056	0.009	0.276	0.001	0.493
neutral	0.160	0.000	0.066	0.008	0.276	0.001	0.488
neutral	0.174	0.000	0.069	0.006	0.180	0.001	0.570
neutral	0.153	0.000	0.035	0.007	0.147	0.000	0.658
neutral	0.165	0.000	0.058	0.010	0.157	0.001	0.610
neutral	0.186	0.000	0.055	0.007	0.156	0.000	0.596
neutral	0.171	0.000	0.107	0.015	0.226	0.002	0.478
neutral	0.140	0.000	0.058	0.012	0.161	0.001	0.628
neutral	0.110	0.000	0.018	0.011	0.111	0.000	0.750
neutral	0.194	0.000	0.055	0.015	0.149	0.001	0.586
neutral	0.133	0.000	0.018	0.012	0.108	0.000	0.729
neutral	0.095	0.000	0.012	0.011	0.102	0.000	0.780
neutral	0.142	0.000	0.014	0.011	0.107	0.000	0.725
neutral	0.096	0.000	0.013	0.008	0.110	0.000	0.773
neutral	0.116	0.000	0.024	0.016	0.105	0.001	0.737
neutral	0.135	0.000	0.035	0.014	0.129	0.000	0.687
neutral	0.139	0.000	0.030	0.019	0.115	0.001	0.696
neutral	0.123	0.000	0.044	0.017	0.107	0.000	0.707
neutral	0.133	0.000	0.026	0.010	0.108	0.000	0.723
neutral	0.125	0.000	0.036	0.008	0.155	0.001	0.677
neutral	0.151	0.000	0.027	0.010	0.110	0.001	0.701
neutral	0.125	0.000	0.040	0.010	0.172	0.000	0.653
neutral	0.129	0.000	0.038	0.010	0.140	0.001	0.682
neutral	0.133	0.000	0.024	0.018	0.107	0.000	0.717
neutral	0.161	0.000	0.067	0.011	0.210	0.001	0.550
neutral	0.112	0.000	0.023	0.011	0.147	0.000	0.707
neutral	0.101	0.000	0.017	0.017	0.062	0.000	0.802
neutral	0.116	0.000	0.031	0.011	0.178	0.001	0.662
neutral	0.114	0.000	0.019	0.015	0.079	0.001	0.772
neutral	0.117	0.000	0.018	0.015	0.090	0.000	0.758
neutral	0.158	0.000	0.050	0.014	0.104	0.002	0.672
neutral	0.053	0.000	0.020	0.009	0.100	0.000	0.818
neutral	0.119	0.000	0.078	0.011	0.137	0.003	0.653
neutral	0.067	0.000	0.025	0.014	0.081	0.001	0.812
neutral	0.100	0.000	0.028	0.006	0.096	0.000	0.770
neutral	0.069	0.000	0.024	0.012	0.088	0.001	0.807
neutral	0.051	0.000	0.009	0.008	0.046	0.000	0.886
neutral	0.051	0.000	0.021	0.018	0.166	0.000	0.745
neutral	0.074	0.000	0.082	0.012	0.246	0.001	0.586
neutral	0.147	0.000	0.051	0.004	0.147	0.000	0.651
neutral	0.076	0.000	0.034	0.010	0.096	0.001	0.783
neutral	0.052	0.000	0.032	0.022	0.084	0.001	0.809
neutral	0.119	0.000	0.042	0.026	0.126	0.001	0.685
neutral	0.076	0.000	0.022	0.012	0.084	0.000	0.805
neutral	0.095	0.000	0.031	0.010	0.095	0.000	0.768
neutral	0.075	0.000	0.026	0.024	0.080	0.001	0.794
neutral	0.091	0.000	0.029	0.011	0.103	0.001	0.765
neutral	0.101	0.000	0.030	0.012	0.107	0.001	0.750
neutral	0.068	0.000	0.043	0.024	0.096	0.001	0.769
neutral	0.052	0.000	0.022	0.018	0.062	0.000	0.846
neutral	0.084	0.000	0.057	0.027	0.105	0.000	0.727
neutral	0.159	0.000	0.033	0.007	0.144	0.001	0.657
neutral	0.142	0.000	0.069	0.020	0.140	0.001	0.627
neutral	0.118	0.000	0.061	0.012	0.168	0.000	0.641
neutral	0.152	0.000	0.037	0.010	0.095	0.000	0.706
neutral	0.127	0.000	0.075	0.012	0.134	0.001	0.651
neutral	0.126	0.000	0.057	0.018	0.105	0.001	0.693
neutral	0.223	0.000	0.071	0.011	0.193	0.001	0.501
neutral	0.153	0.000	0.042	0.020	0.113	0.001	0.672
neutral	0.116	0.000	0.036	0.032	0.099	0.001	0.717
neutral	0.077	0.000	0.034	0.021	0.114	0.001	0.753
neutral	0.126	0.000	0.064	0.018	0.130	0.001	0.661
neutral	0.085	0.000	0.045	0.017	0.113	0.001	0.739
neutral	0.075	0.000	0.037	0.017	0.113	0.001	0.758
neutral	0.125	0.000	0.053	0.024	0.123	0.001	0.674
neutral	0.126	0.000	0.041	0.018	0.125	0.001	0.690
neutral	0.082	0.000	0.029	0.010	0.115	0.000	0.763
neutral	0.104	0.000	0.053	0.035	0.123	0.001	0.684
neutral	0.072	0.000	0.039	0.021	0.087	0.001	0.780
neutral	0.067	0.000	0.019	0.011	0.082	0.000	0.821
neutral	0.106	0.000	0.087	0.011	0.215	0.002	0.578
neutral	0.079	0.000	0.081	0.009	0.209	0.001	0.621
neutral	0.113	0.000	0.063	0.011	0.200	0.002	0.612
neutral	0.062	0.000	0.035	0.013	0.141	0.001	0.749
neutral	0.061	0.000	0.031	0.016	0.166	0.000	0.724
neutral	0.066	0.000	0.019	0.014	0.118	0.000	0.783
neutral	0.086	0.000	0.028	0.011	0.094	0.001	0.780
neutral	0.073	0.000	0.087	0.011	0.199	0.001	0.630
neutral	0.071	0.000	0.068	0.017	0.132	0.001	0.711
neutral	0.064	0.000	0.067	0.014	0.096	0.001	0.759
neutral	0.058	0.000	0.046	0.011	0.081	0.001	0.804
neutral	0.061	0.000	0.017	0.014	0.098	0.000	0.810
neutral	0.055	0.000	0.013	0.015	0.048	0.000	0.868
neutral	0.091	0.000	0.020	0.010	0.097	0.001	0.782
neutral	0.064	0.000	0.014	0.015	0.071	0.001	0.835
neutral	0.085	0.000	0.041	0.005	0.098	0.000	0.770
neutral	0.161	0.000	0.059	0.009	0.232	0.001	0.537
neutral	0.143	0.000	0.054	0.011	0.203	0.001	0.588
neutral	0.129	0.000	0.046	0.011	0.145	0.001	0.669
neutral	0.060	0.000	0.026	0.012	0.075	0.001	0.827
neutral	0.074	0.000	0.023	0.015	0.100	0.000	0.787
neutral	0.092	0.000	0.048	0.017	0.092	0.001	0.749
neutral	0.054	0.000	0.031	0.025	0.142	0.001	0.748
neutral	0.067	0.000	0.042	0.030	0.175	0.001	0.684
neutral	0.087	0.000	0.041	0.011	0.115	0.001	0.745
neutral	0.106	0.000	0.069	0.036	0.119	0.001	0.668
neutral	0.064	0.000	0.058	0.012	0.135	0.000	0.731
neutral	0.079	0.000	0.071	0.008	0.161	0.001	0.679
neutral	0.046	0.000	0.059	0.024	0.127	0.001	0.743
neutral	0.111	0.000	0.066	0.008	0.209	0.001	0.605
neutral	0.093	0.000	0.086	0.011	0.248	0.002	0.560
neutral	0.053	0.000	0.071	0.009	0.155	0.000	0.710
neutral	0.069	0.000	0.105	0.021	0.200	0.001	0.603
neutral	0.079	0.000	0.102	0.011	0.276	0.000	0.532
neutral	0.075	0.000	0.100	0.019	0.251	0.001	0.553
neutral	0.058	0.000	0.085	0.018	0.180	0.002	0.658
neutral	0.084	0.000	0.071	0.014	0.223	0.001	0.607
neutral	0.119	0.000	0.084	0.020	0.188	0.001	0.587
neutral	0.097	0.000	0.025	0.021	0.179	0.000	0.678
neutral	0.172	0.000	0.036	0.010	0.196	0.000	0.587
neutral	0.142	0.000	0.012	0.005	0.132	0.000	0.709
neutral	0.114	0.000	0.021	0.007	0.228	0.000	0.630
neutral	0.138	0.000	0.035	0.009	0.233	0.000	0.584
neutral	0.237	0.000	0.031	0.009	0.238	0.000	0.485
neutral	0.150	0.000	0.013	0.014	0.206	0.000	0.616
neutral	0.093	0.000	0.008	0.054	0.133	0.000	0.711
neutral	0.080	0.000	0.011	0.031	0.165	0.000	0.713
neutral	0.054	0.000	0.013	0.018	0.178	0.000	0.737
neutral	0.091	0.000	0.018	0.025	0.165	0.000	0.701
neutral	0.099	0.000	0.032	0.011	0.240	0.000	0.618
neutral	0.151	0.000	0.026	0.007	0.268	0.000	0.547
neutral	0.150	0.000	0.017	0.009	0.188	0.000	0.637
neutral	0.152	0.000	0.025	0.009	0.200	0.000	0.614
neutral	0.296	0.001	0.023	0.004	0.254	0.000	0.423
neutral	0.339	0.000	0.022	0.003	0.249	0.000	0.387
neutral	0.197	0.000	0.015	0.005	0.186	0.000	0.596
neutral	0.233	0.000	0.022	0.007	0.266	0.000	0.471
neutral	0.364	0.000	0.017	0.002	0.212	0.000	0.404
neutral	0.282	0.000	0.020	0.004	0.197	0.000	0.497
neutral	0.309	0.000	0.022	0.002	0.254	0.000	0.414
neutral	0.283	0.000	0.021	0.007	0.297	0.000	0.391
neutral	0.242	0.002	0.012	0.005	0.200	0.000	0.538
neutral	0.207	0.001	0.032	0.004	0.352	0.000	0.404
neutral	0.192	0.001	0.012	0.009	0.195	0.000	0.591
neutral	0.155	0.001	0.028	0.004	0.285	0.000	0.528
neutral	0.197	0.001	0.027	0.008	0.293	0.000	0.474
neutral	0.177	0.001	0.024	0.006	0.261	0.000	0.530
neutral	0.159	0.001	0.030	0.006	0.246	0.000	0.558
neutral	0.164	0.001	0.037	0.005	0.250	0.000	0.543
neutral	0.167	0.001	0.019	0.009	0.243	0.000	0.561
neutral	0.108	0.001	0.032	0.007	0.293	0.000	0.559
neutral	0.165	0.001	0.035	0.005	0.315	0.000	0.479
neutral	0.114	0.001	0.028	0.013	0.232	0.000	0.611
neutral	0.082	0.001	0.037	0.006	0.298	0.000	0.575
neutral	0.116	0.000	0.035	0.004	0.308	0.000	0.536
neutral	0.111	0.001	0.024	0.012	0.209	0.000	0.643
neutral	0.107	0.000	0.046	0.005	0.290	0.000	0.552
neutral	0.165	0.000	0.034	0.006	0.309	0.000	0.485
neutral	0.099	0.000	0.015	0.009	0.185	0.000	0.691
neutral	0.114	0.002	0.017	0.005	0.196	0.000	0.666
neutral	0.178	0.000	0.036	0.004	0.258	0.000	0.522
neutral	0.114	0.000	0.044	0.005	0.289	0.000	0.547
neutral	0.104	0.000	0.025	0.002	0.254	0.000	0.614
neutral	0.108	0.002	0.019	0.002	0.163	0.000	0.706
neutral	0.149	0.001	0.043	0.002	0.261	0.001	0.544
neutral	0.125	0.000	0.022	0.002	0.211	0.000	0.640
neutral	0.137	0.000	0.019	0.001	0.174	0.000	0.668
neutral	0.120	0.001	0.019	0.003	0.185	0.000	0.672
neutral	0.122	0.000	0.023	0.003	0.160	0.000	0.692
neutral	0.126	0.001	0.018	0.011	0.156	0.000	0.687
neutral	0.093	0.001	0.013	0.004	0.135	0.000	0.753
neutral	0.078	0.001	0.013	0.007	0.106	0.000	0.795
neutral	0.084	0.001	0.018	0.006	0.111	0.000	0.780
neutral	0.112	0.000	0.020	0.003	0.165	0.000	0.700
neutral	0.092	0.000	0.015	0.008	0.108	0.001	0.775
neutral	0.117	0.001	0.027	0.009	0.137	0.001	0.708
neutral	0.087	0.000	0.021	0.004	0.142	0.000	0.746
neutral	0.121	0.000	0.021	0.002	0.186	0.000	0.669
neutral	0.135	0.000	0.027	0.008	0.185	0.001	0.644
neutral	0.124	0.000	0.034	0.010	0.143	0.001	0.688
neutral	0.109	0.000	0.021	0.003	0.203	0.000	0.663
neutral	0.104	0.000	0.019	0.003	0.131	0.000	0.742
neutral	0.084	0.000	0.020	0.009	0.111	0.000	0.775
neutral	0.065	0.000	0.016	0.004	0.084	0.000	0.831
neutral	0.127	0.000	0.015	0.003	0.133	0.000	0.721
neutral	0.155	0.000	0.023	0.001	0.216	0.000	0.605
neutral	0.134	0.000	0.026	0.003	0.161	0.000	0.676
neutral	0.214	0.000	0.035	0.002	0.256	0.000	0.492
neutral	0.212	0.000	0.031	0.003	0.203	0.000	0.551
neutral	0.106	0.000	0.029	0.005	0.299	0.000	0.560
neutral	0.171	0.000	0.025	0.007	0.207	0.000	0.590
neutral	0.161	0.000	0.018	0.008	0.144	0.000	0.668
neutral	0.168	0.000	0.020	0.010	0.145	0.001	0.656
neutral	0.096	0.000	0.014	0.008	0.099	0.000	0.783
neutral	0.179	0.000	0.025	0.008	0.146	0.001	0.642
neutral	0.170	0.000	0.017	0.006	0.122	0.001	0.684
neutral	0.149	0.000	0.030	0.003	0.163	0.000	0.655
neutral	0.145	0.000	0.019	0.004	0.107	0.000	0.724
neutral	0.176	0.000	0.029	0.005	0.127	0.000	0.663
neutral	0.133	0.000	0.034	0.005	0.146	0.001	0.681
neutral	0.104	0.000	0.030	0.006	0.141	0.001	0.719
neutral	0.120	0.000	0.019	0.009	0.091	0.000	0.761
neutral	0.070	0.000	0.011	0.007	0.054	0.000	0.858
neutral	0.067	0.000	0.040	0.007	0.208	0.001	0.676
neutral	0.110	0.000	0.040	0.009	0.195	0.001	0.645
neutral	0.117	0.000	0.034	0.007	0.186	0.001	0.656
neutral	0.075	0.000	0.026	0.009	0.101	0.001	0.787
neutral	0.104	0.000	0.038	0.016	0.080	0.002	0.760
neutral	0.148	0.001	0.058	0.011	0.170	0.001	0.610
neutral	0.122	0.000	0.036	0.012	0.079	0.002	0.750
neutral	0.081	0.000	0.039	0.041	0.071	0.008	0.761
neutral	0.069	0.000	0.019	0.012	0.082	0.001	0.817
neutral	0.107	0.000	0.025	0.013	0.090	0.001	0.764
neutral	0.097	0.000	0.027	0.012	0.075	0.001	0.788
neutral	0.080	0.000	0.024	0.013	0.053	0.001	0.830
neutral	0.099	0.002	0.046	0.030	0.122	0.003	0.699
neutral	0.101	0.001	0.024	0.021	0.134	0.001	0.719
neutral	0.099	0.001	0.031	0.022	0.161	0.001	0.684
neutral	0.112	0.000	0.030	0.023	0.083	0.002	0.750
neutral	0.114	0.000	0.040	0.015	0.093	0.001	0.736
neutral	0.076	0.000	0.016	0.022	0.053	0.001	0.832
neutral	0.100	0.000	0.019	0.020	0.104	0.001	0.756
neutral	0.159	0.000	0.038	0.016	0.102	0.001	0.684
neutral	0.194	0.000	0.039	0.024	0.111	0.001	0.631
neutral	0.108	0.000	0.032	0.018	0.121	0.001	0.719
neutral	0.145	0.000	0.043	0.012	0.133	0.001	0.666
neutral	0.091	0.000	0.025	0.016	0.080	0.001	0.788
neutral	0.096	0.000	0.045	0.011	0.113	0.002	0.733
neutral	0.157	0.000	0.046	0.014	0.119	0.001	0.663
neutral	0.081	0.000	0.036	0.015	0.079	0.001	0.788
neutral	0.145	0.000	0.034	0.010	0.105	0.000	0.706
neutral	0.079	0.000	0.031	0.015	0.074	0.001	0.799
neutral	0.167	0.000	0.032	0.011	0.102	0.001	0.688
neutral	0.175	0.000	0.033	0.013	0.115	0.001	0.663
neutral	0.138	0.001	0.030	0.013	0.130	0.001	0.686
neutral	0.101	0.000	0.023	0.007	0.076	0.001	0.792
neutral	0.126	0.001	0.037	0.010	0.136	0.001	0.688
neutral	0.127	0.001	0.043	0.028	0.127	0.003	0.671
neutral	0.159	0.000	0.034	0.011	0.100	0.001	0.694
neutral	0.120	0.000	0.035	0.010	0.091	0.001	0.743
neutral	0.138	0.000	0.028	0.014	0.093	0.001	0.727
neutral	0.086	0.000	0.029	0.014	0.079	0.001	0.790
neutral	0.123	0.000	0.080	0.009	0.187	0.001	0.600
neutral	0.213	0.000	0.056	0.007	0.190	0.001	0.533
neutral	0.140	0.000	0.047	0.006	0.146	0.000	0.660
neutral	0.150	0.000	0.020	0.008	0.086	0.000	0.736
neutral	0.159	0.000	0.018	0.004	0.102	0.001	0.716
neutral	0.125	0.000	0.043	0.006	0.169	0.001	0.655
neutral	0.199	0.001	0.089	0.010	0.214	0.002	0.487
neutral	0.130	0.002	0.052	0.010	0.199	0.001	0.605
neutral	0.137	0.001	0.116	0.069	0.284	0.034	0.358
neutral	0.130	0.000	0.027	0.007	0.144	0.000	0.692
neutral	0.129	0.000	0.029	0.011	0.120	0.001	0.711
neutral	0.164	0.000	0.048	0.007	0.191	0.001	0.588
neutral	0.166	0.001	0.027	0.011	0.142	0.001	0.652
neutral	0.089	0.000	0.016	0.009	0.082	0.000	0.804
neutral	0.157	0.001	0.035	0.010	0.109	0.001	0.687
neutral	0.149	0.001	0.045	0.008	0.157	0.001	0.639
neutral	0.162	0.001	0.050	0.031	0.122	0.001	0.633
neutral	0.240	0.001	0.041	0.022	0.147	0.001	0.548
neutral	0.217	0.000	0.077	0.003	0.301	0.001	0.401
neutral	0.227	0.000	0.075	0.005	0.212	0.002	0.479
neutral	0.201	0.000	0.029	0.007	0.159	0.001	0.604
neutral	0.207	0.000	0.049	0.005	0.240	0.001	0.498
neutral	0.187	0.000	0.028	0.006	0.133	0.000	0.645
neutral	0.188	0.000	0.028	0.011	0.153	0.001	0.619
neutral	0.153	0.000	0.036	0.006	0.147	0.001	0.657
neutral	0.189	0.000	0.100	0.006	0.227	0.002	0.476
neutral	0.259	0.001	0.047	0.010	0.165	0.001	0.517
neutral	0.129	0.000	0.054	0.009	0.206	0.001	0.601
neutral	0.169	0.001	0.027	0.005	0.175	0.000	0.624
neutral	0.178	0.001	0.019	0.005	0.143	0.001	0.653
neutral	0.166	0.000	0.026	0.013	0.138	0.001	0.655
neutral	0.212	0.001	0.017	0.007	0.149	0.000	0.614
neutral	0.121	0.001	0.077	0.014	0.209	0.003	0.575
neutral	0.188	0.000	0.036	0.005	0.182	0.001	0.588
neutral	0.099	0.000	0.019	0.008	0.109	0.000	0.765
neutral	0.139	0.000	0.034	0.008	0.165	0.001	0.654
neutral	0.191	0.000	0.046	0.008	0.194	0.001	0.560
neutral	0.196	0.000	0.061	0.011	0.182	0.001	0.548
neutral	0.165	0.001	0.064	0.007	0.227	0.002	0.534
neutral	0.119	0.000	0.032	0.009	0.110	0.001	0.730
neutral	0.143	0.000	0.100	0.014	0.215	0.003	0.524
neutral	0.179	0.000	0.125	0.013	0.248	0.004	0.430
neutral	0.153	0.000	0.040	0.008	0.105	0.001	0.692
neutral	0.172	0.000	0.051	0.009	0.185	0.000	0.581
neutral	0.153	0.000	0.063	0.010	0.166	0.001	0.607
neutral	0.258	0.000	0.048	0.016	0.174	0.001	0.504
neutral	0.162	0.000	0.015	0.006	0.086	0.000	0.730
neutral	0.113	0.000	0.035	0.009	0.142	0.001	0.700
neutral	0.179	0.000	0.018	0.005	0.109	0.001	0.688
neutral	0.112	0.001	0.040	0.011	0.220	0.000	0.616
neutral	0.142	0.000	0.038	0.007	0.227	0.001	0.585
neutral	0.091	0.001	0.051	0.028	0.120	0.002	0.707
neutral	0.146	0.000	0.024	0.017	0.082	0.000	0.730
neutral	0.120	0.000	0.019	0.010	0.074	0.000	0.776
neutral	0.146	0.000	0.026	0.024	0.077	0.001	0.726
neutral	0.194	0.000	0.042	0.020	0.127	0.002	0.615
neutral	0.135	0.000	0.027	0.013	0.083	0.001	0.740
neutral	0.182	0.000	0.038	0.007	0.088	0.001	0.684
neutral	0.109	0.000	0.023	0.012	0.056	0.001	0.799
neutral	0.167	0.000	0.038	0.013	0.092	0.001	0.688
neutral	0.125	0.000	0.035	0.007	0.127	0.001	0.706
neutral	0.073	0.000	0.020	0.011	0.051	0.001	0.843
neutral	0.105	0.000	0.014	0.011	0.054	0.001	0.815
neutral	0.088	0.000	0.022	0.015	0.072	0.001	0.803
neutral	0.132	0.000	0.034	0.009	0.092	0.001	0.732
neutral	0.107	0.000	0.035	0.006	0.153	0.000	0.698
neutral	0.104	0.000	0.037	0.005	0.139	0.001	0.714
neutral	0.142	0.002	0.095	0.017	0.257	0.004	0.484
neutral	0.104	0.000	0.048	0.006	0.132	0.002	0.708
neutral	0.125	0.000	0.070	0.016	0.162	0.002	0.625
neutral	0.148	0.000	0.052	0.009	0.217	0.001	0.573
neutral	0.162	0.000	0.068	0.011	0.136	0.002	0.621
neutral	0.132	0.000	0.037	0.008	0.126	0.001	0.696
neutral	0.136	0.001	0.083	0.009	0.241	0.002	0.529
neutral	0.187	0.000	0.055	0.008	0.151	0.001	0.598
neutral	0.148	0.000	0.065	0.007	0.139	0.001	0.639
neutral	0.152	0.000	0.084	0.004	0.178	0.001	0.581
neutral	0.151	0.000	0.123	0.010	0.155	0.004	0.556
neutral	0.127	0.000	0.045	0.009	0.128	0.001	0.689
neutral	0.126	0.000	0.054	0.010	0.118	0.002	0.689
neutral	0.228	0.000	0.075	0.005	0.159	0.001	0.531
neutral	0.117	0.000	0.019	0.009	0.080	0.001	0.773
neutral	0.185	0.000	0.048	0.004	0.098	0.001	0.665
neutral	0.148	0.000	0.048	0.003	0.140	0.001	0.661
neutral	0.102	0.000	0.032	0.003	0.136	0.000	0.726
neutral	0.104	0.000	0.042	0.003	0.148	0.001	0.702
neutral	0.151	0.000	0.066	0.003	0.166	0.001	0.612
neutral	0.079	0.000	0.020	0.008	0.086	0.001	0.806
neutral	0.179	0.000	0.037	0.005	0.141	0.001	0.637
neutral	0.113	0.000	0.034	0.006	0.093	0.001	0.752
neutral	0.082	0.000	0.045	0.005	0.154	0.001	0.712
neutral	0.146	0.000	0.033	0.007	0.107	0.000	0.706
neutral	0.142	0.000	0.056	0.005	0.184	0.001	0.613
neutral	0.137	0.000	0.029	0.011	0.077	0.001	0.746
neutral	0.144	0.001	0.043	0.013	0.104	0.001	0.694
neutral	0.150	0.000	0.101	0.012	0.129	0.003	0.606
neutral	0.087	0.000	0.104	0.013	0.104	0.003	0.688
neutral	0.093	0.000	0.100	0.015	0.113	0.004	0.676
neutral	0.116	0.001	0.058	0.008	0.110	0.001	0.706
neutral	0.156	0.000	0.078	0.005	0.143	0.001	0.617
neutral	0.097	0.002	0.053	0.012	0.160	0.002	0.674
neutral	0.129	0.000	0.094	0.007	0.215	0.001	0.554
neutral	0.246	0.001	0.104	0.006	0.245	0.002	0.395
neutral	0.176	0.001	0.082	0.009	0.301	0.002	0.429
neutral	0.128	0.001	0.049	0.006	0.191	0.001	0.624
neutral	0.138	0.000	0.038	0.007	0.125	0.001	0.691
neutral	0.108	0.001	0.047	0.008	0.119	0.001	0.715
neutral	0.127	0.000	0.059	0.011	0.137	0.001	0.664
neutral	0.141	0.001	0.039	0.010	0.200	0.001	0.609
neutral	0.123	0.000	0.053	0.011	0.133	0.001	0.679
neutral	0.194	0.000	0.053	0.004	0.178	0.000	0.570
neutral	0.243	0.001	0.051	0.004	0.183	0.001	0.517
neutral	0.172	0.000	0.038	0.008	0.162	0.001	0.619
neutral	0.104	0.001	0.035	0.009	0.162	0.002	0.688
neutral	0.098	0.000	0.019	0.009	0.081	0.001	0.793
neutral	0.141	0.000	0.031	0.006	0.157	0.001	0.665
neutral	0.131	0.001	0.034	0.015	0.143	0.001	0.675
neutral	0.135	0.000	0.058	0.015	0.203	0.001	0.587
neutral	0.078	0.000	0.038	0.011	0.121	0.001	0.751
neutral	0.150	0.001	0.055	0.009	0.184	0.001	0.601
neutral	0.214	0.000	0.061	0.013	0.179	0.002	0.531
neutral	0.175	0.000	0.080	0.019	0.232	0.001	0.493
neutral	0.189	0.000	0.057	0.006	0.191	0.001	0.555
neutral	0.149	0.000	0.042	0.009	0.133	0.001	0.666
neutral	0.184	0.000	0.033	0.010	0.148	0.001	0.625
neutral	0.202	0.000	0.053	0.008	0.160	0.001	0.576
neutral	0.238	0.000	0.068	0.010	0.198	0.001	0.484
neutral	0.163	0.000	0.023	0.005	0.143	0.000	0.665
neutral	0.186	0.000	0.082	0.011	0.235	0.001	0.486
neutral	0.241	0.000	0.059	0.012	0.171	0.001	0.516
neutral	0.146	0.000	0.051	0.011	0.152	0.001	0.639
neutral	0.139	0.000	0.088	0.012	0.220	0.001	0.540
neutral	0.175	0.000	0.062	0.008	0.173	0.001	0.580
neutral	0.181	0.000	0.054	0.011	0.177	0.001	0.575
neutral	0.128	0.000	0.059	0.013	0.163	0.001	0.637
neutral	0.188	0.000	0.056	0.012	0.186	0.001	0.556
neutral	0.173	0.001	0.087	0.010	0.260	0.002	0.467
neutral	0.176	0.000	0.046	0.010	0.188	0.001	0.580
neutral	0.095	0.000	0.026	0.007	0.107	0.001	0.764
neutral	0.104	0.000	0.098	0.011	0.228	0.002	0.557
neutral	0.179	0.000	0.043	0.010	0.154	0.001	0.613
neutral	0.130	0.001	0.085	0.026	0.249	0.001	0.508
neutral	0.125	0.000	0.030	0.008	0.113	0.001	0.724
neutral	0.157	0.000	0.087	0.011	0.191	0.001	0.553
neutral	0.141	0.000	0.079	0.013	0.198	0.001	0.568
neutral	0.110	0.000	0.040	0.012	0.134	0.001	0.703
neutral	0.133	0.000	0.054	0.011	0.205	0.002	0.596
neutral	0.197	0.000	0.042	0.011	0.153	0.002	0.595
neutral	0.185	0.000	0.040	0.012	0.138	0.001	0.626
neutral	0.156	0.000	0.025	0.006	0.142	0.000	0.670
neutral	0.149	0.000	0.049	0.007	0.158	0.001	0.635
neutral	0.110	0.000	0.052	0.017	0.186	0.001	0.633
neutral	0.176	0.000	0.030	0.007	0.138	0.001	0.647
neutral	0.129	0.000	0.076	0.010	0.207	0.002	0.577
neutral	0.140	0.000	0.053	0.016	0.231	0.000	0.559
neutral	0.119	0.000	0.089	0.012	0.251	0.002	0.527
neutral	0.177	0.000	0.072	0.010	0.167	0.001	0.573
neutral	0.211	0.000	0.078	0.012	0.246	0.001	0.452
neutral	0.191	0.000	0.058	0.017	0.183	0.001	0.551
neutral	0.128	0.000	0.073	0.021	0.293	0.001	0.486
neutral	0.117	0.000	0.113	0.004	0.315	0.002	0.449
neutral	0.218	0.000	0.044	0.006	0.155	0.001	0.576
