prediction	angry	disgust	fear	happy	sad	surprise	neutral
neutral	0.060	0.000	0.014	0.010	0.107	0.001	0.807
sad	0.020	0.003	0.213	0.008	0.557	0.068	0.131
sad	0.026	0.002	0.243	0.007	0.686	0.010	0.026
sad	0.162	0.002	0.158	0.009	0.567	0.018	0.084
neutral	0.109	0.000	0.051	0.100	0.101	0.012	0.626
neutral	0.126	0.001	0.036	0.024	0.080	0.006	0.727
angry	0.718	0.000	0.102	0.000	0.136	0.001	0.043
angry	0.795	0.000	0.111	0.001	0.058	0.001	0.033
angry	0.751	0.000	0.117	0.001	0.079	0.002	0.049
angry	0.827	0.000	0.081	0.001	0.068	0.000	0.023
angry	0.577	0.000	0.257	0.001	0.138	0.001	0.025
angry	0.607	0.000	0.216	0.000	0.161	0.000	0.016
angry	0.646	0.000	0.207	0.001	0.111	0.000	0.034
angry	0.832	0.000	0.084	0.000	0.060	0.000	0.024
angry	0.479	0.000	0.247	0.001	0.249	0.000	0.023
angry	0.593	0.000	0.292	0.003	0.090	0.001	0.022
fear	0.336	0.000	0.526	0.003	0.118	0.000	0.017
fear	0.072	0.000	0.769	0.002	0.137	0.004	0.016
sad	0.057	0.001	0.171	0.001	0.705	0.002	0.065
sad	0.260	0.000	0.091	0.010	0.373	0.002	0.264
neutral	0.134	0.000	0.029	0.083	0.187	0.001	0.566
neutral	0.092	0.000	0.008	0.037	0.147	0.000	0.717
neutral	0.093	0.000	0.014	0.022	0.202	0.001	0.669
neutral	0.053	0.000	0.016	0.017	0.097	0.000	0.816
neutral	0.085	0.000	0.019	0.039	0.134	0.002	0.721
neutral	0.057	0.000	0.029	0.112	0.165	0.003	0.633
neutral	0.056	0.000	0.039	0.089	0.174	0.002	0.639
neutral	0.042	0.000	0.005	0.092	0.046	0.001	0.814
neutral	0.021	0.000	0.011	0.163	0.042	0.001	0.761
neutral	0.036	0.000	0.008	0.054	0.075	0.000	0.826
neutral	0.059	0.000	0.006	0.107	0.071	0.001	0.756
neutral	0.063	0.000	0.006	0.130	0.061	0.000	0.739
neutral	0.091	0.000	0.005	0.197	0.043	0.000	0.664
neutral	0.057	0.000	0.006	0.140	0.062	0.000	0.734
neutral	0.062	0.000	0.012	0.053	0.126	0.001	0.746
neutral	0.039	0.000	0.015	0.169	0.058	0.005	0.713
neutral	0.074	0.001	0.012	0.183	0.106	0.019	0.605
neutral	0.212	0.005	0.044	0.109	0.172	0.051	0.406
neutral	0.048	0.000	0.032	0.410	0.065	0.030	0.414
happy	0.044	0.001	0.043	0.474	0.049	0.180	0.210
happy	0.045	0.001	0.023	0.565	0.080	0.125	0.161
happy	0.041	0.001	0.042	0.386	0.044	0.280	0.208
happy	0.006	0.000	0.008	0.687	0.011	0.108	0.179
neutral	0.030	0.000	0.010	0.121	0.093	0.004	0.742
neutral	0.055	0.000	0.020	0.056	0.433	0.000	0.436
neutral	0.136	0.000	0.019	0.043	0.212	0.000	0.589
neutral	0.100	0.000	0.012	0.040	0.303	0.000	0.545
neutral	0.179	0.000	0.011	0.052	0.235	0.000	0.523
neutral	0.175	0.000	0.012	0.043	0.211	0.000	0.558
neutral	0.102	0.000	0.010	0.017	0.280	0.000	0.590
neutral	0.205	0.000	0.011	0.021	0.266	0.000	0.497
neutral	0.090	0.000	0.010	0.014	0.227	0.000	0.658
neutral	0.082	0.000	0.012	0.020	0.208	0.000	0.678
neutral	0.053	0.000	0.008	0.017	0.142	0.000	0.779
neutral	0.069	0.000	0.011	0.021	0.181	0.000	0.718
neutral	0.091	0.000	0.011	0.016	0.204	0.000	0.678
neutral	0.108	0.000	0.017	0.009	0.174	0.000	0.692
neutral	0.139	0.000	0.014	0.005	0.212	0.000	0.630
neutral	0.112	0.000	0.016	0.011	0.268	0.000	0.593
neutral	0.122	0.000	0.014	0.009	0.208	0.000	0.646
neutral	0.104	0.000	0.015	0.007	0.233	0.000	0.640
neutral	0.092	0.000	0.008	0.012	0.241	0.000	0.646
neutral	0.071	0.000	0.010	0.013	0.172	0.000	0.733
neutral	0.079	0.000	0.013	0.017	0.226	0.000	0.664
neutral	0.137	0.000	0.015	0.021	0.183	0.000	0.644
angry	0.480	0.000	0.017	0.013	0.218	0.000	0.272
neutral	0.315	0.000	0.006	0.018	0.168	0.000	0.492
sad	0.154	0.000	0.017	0.011	0.502	0.000	0.315
neutral	0.312	0.000	0.009	0.016	0.188	0.000	0.474
neutral	0.279	0.000	0.013	0.021	0.181	0.001	0.505
neutral	0.372	0.000	0.012	0.032	0.136	0.004	0.444
angry	0.393	0.000	0.013	0.018	0.199	0.000	0.377
sad	0.290	0.000	0.039	0.007	0.461	0.000	0.202
sad	0.342	0.000	0.023	0.007	0.368	0.000	0.260
neutral	0.202	0.000	0.011	0.015	0.191	0.000	0.581
neutral	0.276	0.000	0.008	0.026	0.103	0.001	0.586
neutral	0.143	0.000	0.010	0.015	0.119	0.001	0.712
neutral	0.250	0.000	0.017	0.031	0.136	0.006	0.560
neutral	0.157	0.000	0.010	0.020	0.278	0.000	0.534
neutral	0.128	0.000	0.016	0.013	0.367	0.000	0.476
neutral	0.084	0.000	0.017	0.030	0.335	0.000	0.535
neutral	0.170	0.000	0.024	0.053	0.215	0.002	0.535
neutral	0.133	0.000	0.016	0.036	0.214	0.001	0.600
neutral	0.139	0.000	0.015	0.034	0.265	0.000	0.547
neutral	0.099	0.000	0.016	0.025	0.308	0.001	0.551
neutral	0.102	0.000	0.015	0.017	0.285	0.000	0.581
neutral	0.148	0.000	0.028	0.009	0.339	0.000	0.476
neutral	0.112	0.000	0.016	0.019	0.273	0.000	0.581
neutral	0.171	0.000	0.062	0.066	0.344	0.002	0.355
neutral	0.176	0.001	0.034	0.096	0.183	0.003	0.507
neutral	0.075	0.001	0.012	0.323	0.056	0.005	0.528
angry	0.263	0.002	0.054	0.229	0.216	0.014	0.222
sad	0.094	0.000	0.044	0.023	0.589	0.001	0.250
sad	0.053	0.000	0.059	0.006	0.659	0.000	0.223
sad	0.127	0.001	0.041	0.017	0.415	0.000	0.399
neutral	0.166	0.001	0.054	0.025	0.258	0.001	0.493
angry	0.361	0.006	0.015	0.062	0.257	0.000	0.298
neutral	0.115	0.000	0.013	0.005	0.125	0.001	0.740
neutral	0.060	0.000	0.014	0.005	0.081	0.002	0.838
neutral	0.091	0.000	0.012	0.007	0.080	0.002	0.808
neutral	0.113	0.000	0.013	0.006	0.090	0.001	0.778
neutral	0.102	0.000	0.012	0.004	0.103	0.001	0.778
neutral	0.090	0.000	0.006	0.012	0.039	0.002	0.852
neutral	0.044	0.000	0.007	0.018	0.042	0.006	0.882
neutral	0.050	0.000	0.008	0.027	0.037	0.007	0.871
neutral	0.025	0.000	0.008	0.079	0.034	0.002	0.851
neutral	0.019	0.000	0.006	0.380	0.032	0.001	0.563
happy	0.006	0.000	0.001	0.950	0.008	0.000	0.035
happy	0.004	0.000	0.001	0.968	0.003	0.001	0.024
happy	0.004	0.000	0.001	0.965	0.003	0.001	0.026
happy	0.145	0.000	0.025	0.575	0.068	0.000	0.186
happy	0.033	0.000	0.007	0.649	0.012	0.001	0.298
happy	0.025	0.000	0.006	0.480	0.013	0.001	0.475
neutral	0.110	0.000	0.028	0.347	0.044	0.001	0.469
sad	0.210	0.000	0.058	0.033	0.470	0.000	0.228
sad	0.134	0.000	0.040	0.026	0.451	0.000	0.348
sad	0.152	0.001	0.114	0.015	0.582	0.003	0.133
sad	0.072	0.000	0.177	0.006	0.633	0.001	0.112
sad	0.177	0.000	0.095	0.003	0.587	0.001	0.136
sad	0.094	0.000	0.183	0.003	0.687	0.000	0.033
sad	0.047	0.000	0.180	0.002	0.716	0.000	0.053
sad	0.076	0.000	0.240	0.001	0.642	0.000	0.040
sad	0.053	0.000	0.090	0.002	0.757	0.000	0.097
sad	0.121	0.000	0.220	0.016	0.580	0.003	0.060
sad	0.092	0.000	0.211	0.002	0.661	0.000	0.034
sad	0.068	0.000	0.170	0.001	0.736	0.000	0.025
sad	0.119	0.000	0.337	0.002	0.520	0.001	0.021
sad	0.049	0.000	0.117	0.001	0.812	0.000	0.021
sad	0.104	0.000	0.204	0.004	0.624	0.002	0.063
sad	0.190	0.000	0.173	0.006	0.551	0.002	0.077
sad	0.202	0.000	0.140	0.007	0.567	0.004	0.080
sad	0.082	0.000	0.091	0.002	0.735	0.001	0.090
sad	0.070	0.000	0.091	0.006	0.750	0.001	0.082
sad	0.115	0.000	0.094	0.001	0.713	0.000	0.076
sad	0.085	0.000	0.085	0.002	0.758	0.001	0.071
sad	0.094	0.000	0.067	0.003	0.752	0.001	0.083
sad	0.103	0.000	0.124	0.007	0.604	0.001	0.161
sad	0.075	0.000	0.121	0.005	0.687	0.001	0.112
sad	0.144	0.000	0.064	0.005	0.651	0.001	0.136
sad	0.104	0.000	0.052	0.004	0.744	0.000	0.096
sad	0.268	0.001	0.104	0.001	0.580	0.002	0.045
sad	0.218	0.001	0.031	0.014	0.616	0.001	0.119
angry	0.583	0.000	0.046	0.006	0.266	0.009	0.089
angry	0.511	0.003	0.069	0.055	0.092	0.117	0.152
angry	0.669	0.011	0.040	0.068	0.049	0.032	0.132
angry	0.789	0.004	0.035	0.031	0.042	0.061	0.037
angry	0.412	0.001	0.038	0.190	0.102	0.077	0.180
angry	0.635	0.002	0.056	0.112	0.086	0.054	0.055
angry	0.368	0.002	0.087	0.060	0.207	0.038	0.238
neutral	0.048	0.000	0.026	0.029	0.081	0.008	0.808
neutral	0.042	0.000	0.016	0.024	0.085	0.003	0.829
neutral	0.114	0.000	0.016	0.036	0.283	0.001	0.550
neutral	0.108	0.000	0.027	0.077	0.251	0.003	0.534
neutral	0.217	0.000	0.040	0.005	0.277	0.001	0.461
neutral	0.114	0.000	0.021	0.008	0.276	0.001	0.581
neutral	0.179	0.000	0.020	0.010	0.199	0.001	0.591
neutral	0.163	0.000	0.029	0.003	0.351	0.001	0.454
neutral	0.213	0.000	0.027	0.007	0.226	0.001	0.527
neutral	0.143	0.000	0.015	0.016	0.188	0.001	0.637
happy	0.094	0.000	0.004	0.523	0.035	0.003	0.341
happy	0.026	0.000	0.001	0.940	0.005	0.001	0.026
happy	0.001	0.000	0.000	0.999	0.000	0.000	0.001
happy	0.002	0.000	0.000	0.998	0.000	0.000	0.001
happy	0.001	0.000	0.000	0.999	0.000	0.000	0.000
happy	0.000	0.000	0.000	0.999	0.000	0.000	0.000
happy	0.002	0.000	0.000	0.997	0.000	0.000	0.000
happy	0.001	0.000	0.000	0.999	0.000	0.000	0.000
happy	0.003	0.000	0.000	0.996	0.000	0.000	0.000
happy	0.003	0.000	0.000	0.997	0.000	0.000	0.000
happy	0.008	0.000	0.000	0.990	0.000	0.000	0.001
happy	0.022	0.000	0.000	0.975	0.000	0.000	0.002
happy	0.018	0.000	0.000	0.979	0.000	0.000	0.002
happy	0.032	0.000	0.000	0.955	0.002	0.001	0.009
happy	0.062	0.000	0.001	0.921	0.002	0.001	0.012
happy	0.017	0.000	0.000	0.975	0.001	0.001	0.006
happy	0.004	0.000	0.000	0.995	0.000	0.000	0.001
happy	0.002	0.000	0.000	0.998	0.000	0.000	0.000
happy	0.001	0.000	0.000	0.999	0.000	0.000	0.000
happy	0.000	0.000	0.000	1.000	0.000	0.000	0.000
happy	0.000	0.000	0.000	1.000	0.000	0.000	0.000
happy	0.002	0.000	0.000	0.998	0.000	0.000	0.000
happy	0.000	0.000	0.000	1.000	0.000	0.000	0.000
happy	0.000	0.000	0.000	1.000	0.000	0.000	0.000
happy	0.000	0.000	0.000	1.000	0.000	0.000	0.000
happy	0.000	0.000	0.000	1.000	0.000	0.000	0.000
happy	0.000	0.000	0.000	1.000	0.000	0.000	0.000
happy	0.020	0.006	0.010	0.957	0.005	0.000	0.003
happy	0.085	0.003	0.028	0.655	0.108	0.005	0.116
happy	0.221	0.000	0.088	0.511	0.063	0.049	0.069
fear	0.024	0.000	0.846	0.004	0.106	0.009	0.011
happy	0.138	0.002	0.099	0.465	0.099	0.004	0.193
happy	0.038	0.002	0.052	0.713	0.066	0.001	0.128
sad	0.084	0.001	0.036	0.009	0.814	0.001	0.055
happy	0.063	0.004	0.099	0.654	0.067	0.002	0.112
happy	0.055	0.000	0.006	0.786	0.044	0.000	0.109
sad	0.106	0.005	0.104	0.018	0.740	0.002	0.025
happy	0.234	0.001	0.014	0.504	0.098	0.000	0.149
sad	0.156	0.002	0.085	0.023	0.702	0.002	0.031
happy	0.010	0.000	0.002	0.964	0.002	0.000	0.021
happy	0.022	0.000	0.018	0.878	0.011	0.000	0.070
happy	0.015	0.000	0.001	0.948	0.002	0.000	0.033
happy	0.002	0.000	0.000	0.992	0.000	0.000	0.005
happy	0.014	0.000	0.001	0.956	0.002	0.000	0.026
happy	0.048	0.000	0.002	0.904	0.005	0.000	0.041
angry	0.391	0.005	0.122	0.210	0.148	0.029	0.096
happy	0.052	0.000	0.003	0.923	0.003	0.000	0.019
angry	0.463	0.007	0.096	0.209	0.148	0.015	0.063
happy	0.038	0.000	0.004	0.641	0.015	0.001	0.300
angry	0.468	0.009	0.074	0.207	0.142	0.014	0.086
happy	0.232	0.000	0.008	0.424	0.102	0.000	0.234
angry	0.467	0.006	0.055	0.237	0.133	0.008	0.093
happy	0.117	0.001	0.012	0.674	0.026	0.000	0.170
happy	0.335	0.017	0.070	0.357	0.130	0.010	0.079
happy	0.110	0.000	0.008	0.498	0.042	0.003	0.340
happy	0.016	0.000	0.001	0.891	0.005	0.001	0.085
angry	0.402	0.010	0.072	0.285	0.138	0.008	0.084
happy	0.070	0.000	0.008	0.824	0.014	0.001	0.083
happy	0.045	0.000	0.001	0.827	0.010	0.000	0.117
neutral	0.038	0.000	0.112	0.253	0.245	0.021	0.331
angry	0.410	0.005	0.078	0.277	0.150	0.011	0.069
neutral	0.214	0.000	0.003	0.189	0.066	0.000	0.528
happy	0.319	0.010	0.082	0.357	0.131	0.014	0.087
neutral	0.027	0.000	0.104	0.273	0.205	0.026	0.366
angry	0.491	0.000	0.004	0.217	0.045	0.003	0.240
angry	0.382	0.010	0.062	0.376	0.105	0.011	0.055
neutral	0.169	0.000	0.010	0.128	0.066	0.007	0.620
neutral	0.082	0.000	0.006	0.060	0.026	0.007	0.819
neutral	0.092	0.000	0.005	0.076	0.008	0.007	0.811
neutral	0.284	0.000	0.007	0.039	0.023	0.003	0.644
neutral	0.267	0.000	0.007	0.024	0.038	0.003	0.661
angry	0.360	0.010	0.082	0.276	0.199	0.013	0.060
neutral	0.035	0.000	0.151	0.291	0.173	0.033	0.318
neutral	0.177	0.000	0.003	0.014	0.036	0.001	0.769
neutral	0.141	0.000	0.004	0.022	0.032	0.001	0.800
angry	0.385	0.006	0.084	0.296	0.131	0.016	0.082
neutral	0.159	0.000	0.006	0.034	0.060	0.001	0.740
neutral	0.202	0.000	0.006	0.048	0.054	0.001	0.689
angry	0.428	0.007	0.066	0.276	0.125	0.012	0.087
neutral	0.161	0.000	0.005	0.041	0.086	0.000	0.706
neutral	0.180	0.000	0.004	0.040	0.068	0.001	0.707
neutral	0.105	0.000	0.009	0.110	0.029	0.008	0.739
neutral	0.198	0.000	0.009	0.048	0.134	0.001	0.610
neutral	0.325	0.000	0.013	0.006	0.267	0.000	0.389
angry	0.377	0.006	0.069	0.329	0.133	0.011	0.076
neutral	0.273	0.000	0.014	0.005	0.289	0.000	0.419
sad	0.339	0.000	0.016	0.002	0.383	0.000	0.259
neutral	0.289	0.000	0.017	0.005	0.273	0.000	0.416
neutral	0.315	0.000	0.017	0.004	0.245	0.000	0.419
neutral	0.262	0.000	0.023	0.003	0.187	0.000	0.524
neutral	0.214	0.000	0.013	0.004	0.145	0.000	0.624
neutral	0.328	0.000	0.017	0.010	0.149	0.000	0.495
angry	0.526	0.000	0.014	0.003	0.222	0.000	0.234
angry	0.389	0.000	0.020	0.001	0.341	0.000	0.250
angry	0.354	0.000	0.019	0.003	0.312	0.000	0.312
angry	0.345	0.000	0.014	0.002	0.322	0.000	0.317
