prediction	angry	disgust	fear	happy	sad	surprise	neutral
sad	0.249	0.000	0.014	0.084	0.431	0.001	0.221
sad	0.243	0.000	0.008	0.014	0.629	0.000	0.105
sad	0.178	0.000	0.013	0.018	0.660	0.000	0.131
sad	0.181	0.000	0.009	0.032	0.633	0.001	0.144
sad	0.165	0.000	0.014	0.013	0.683	0.000	0.125
sad	0.138	0.000	0.011	0.013	0.708	0.000	0.130
sad	0.137	0.000	0.016	0.010	0.721	0.000	0.115
sad	0.156	0.000	0.007	0.009	0.748	0.000	0.081
sad	0.183	0.000	0.011	0.006	0.697	0.000	0.104
sad	0.124	0.000	0.014	0.021	0.675	0.000	0.166
sad	0.133	0.000	0.016	0.032	0.550	0.001	0.268
sad	0.167	0.000	0.013	0.028	0.586	0.000	0.205
sad	0.166	0.000	0.014	0.034	0.567	0.001	0.218
sad	0.198	0.000	0.012	0.009	0.669	0.000	0.112
sad	0.165	0.000	0.014	0.009	0.667	0.000	0.144
sad	0.197	0.000	0.012	0.032	0.514	0.000	0.244
sad	0.204	0.000	0.020	0.020	0.554	0.000	0.201
sad	0.194	0.000	0.016	0.020	0.548	0.001	0.221
sad	0.151	0.000	0.014	0.012	0.654	0.000	0.167
sad	0.144	0.000	0.015	0.011	0.619	0.000	0.211
sad	0.331	0.002	0.049	0.056	0.338	0.006	0.217
sad	0.185	0.000	0.013	0.017	0.597	0.000	0.188
sad	0.213	0.000	0.012	0.008	0.614	0.000	0.152
sad	0.180	0.000	0.010	0.024	0.548	0.000	0.237
sad	0.225	0.000	0.011	0.027	0.516	0.000	0.221
sad	0.328	0.000	0.006	0.035	0.408	0.001	0.221
angry	0.408	0.000	0.005	0.034	0.331	0.001	0.220
sad	0.160	0.000	0.008	0.080	0.386	0.002	0.364
sad	0.167	0.000	0.010	0.092	0.431	0.002	0.298
sad	0.190	0.000	0.010	0.054	0.469	0.003	0.273
sad	0.238	0.000	0.009	0.062	0.439	0.003	0.248
sad	0.247	0.001	0.007	0.047	0.416	0.002	0.281
sad	0.185	0.000	0.009	0.051	0.438	0.002	0.315
sad	0.237	0.000	0.015	0.037	0.463	0.002	0.246
sad	0.221	0.001	0.008	0.057	0.428	0.002	0.284
sad	0.205	0.000	0.011	0.038	0.520	0.002	0.223
sad	0.180	0.000	0.019	0.071	0.461	0.002	0.267
neutral	0.167	0.001	0.010	0.104	0.318	0.004	0.398
neutral	0.132	0.000	0.008	0.210	0.289	0.004	0.357
neutral	0.150	0.000	0.007	0.113	0.313	0.003	0.414
sad	0.177	0.000	0.014	0.059	0.429	0.004	0.316
neutral	0.124	0.000	0.008	0.107	0.258	0.003	0.499
neutral	0.075	0.000	0.006	0.111	0.179	0.003	0.626
neutral	0.095	0.000	0.009	0.111	0.244	0.004	0.538
sad	0.118	0.000	0.018	0.082	0.440	0.008	0.335
neutral	0.046	0.000	0.005	0.107	0.157	0.004	0.680
neutral	0.038	0.001	0.014	0.183	0.091	0.017	0.657
sad	0.245	0.003	0.009	0.085	0.531	0.105	0.021
neutral	0.051	0.000	0.019	0.156	0.132	0.021	0.620
sad	0.229	0.001	0.067	0.252	0.271	0.153	0.026
neutral	0.036	0.001	0.016	0.117	0.175	0.005	0.650
sad	0.056	0.001	0.022	0.075	0.428	0.006	0.412
neutral	0.038	0.001	0.025	0.194	0.221	0.016	0.505
neutral	0.042	0.001	0.027	0.183	0.269	0.017	0.461
sad	0.051	0.002	0.039	0.089	0.406	0.017	0.397
neutral	0.028	0.002	0.053	0.113	0.246	0.029	0.529
neutral	0.047	0.003	0.049	0.127	0.348	0.020	0.407
neutral	0.038	0.001	0.048	0.128	0.302	0.027	0.456
neutral	0.046	0.002	0.042	0.091	0.331	0.018	0.471
neutral	0.053	0.000	0.036	0.112	0.351	0.016	0.432
neutral	0.043	0.000	0.020	0.095	0.247	0.004	0.591
neutral	0.065	0.000	0.024	0.068	0.356	0.003	0.484
neutral	0.033	0.000	0.018	0.067	0.266	0.007	0.609
neutral	0.046	0.000	0.018	0.056	0.350	0.005	0.525
neutral	0.044	0.000	0.011	0.070	0.196	0.003	0.676
neutral	0.071	0.000	0.014	0.062	0.207	0.003	0.644
neutral	0.053	0.000	0.014	0.086	0.201	0.007	0.640
neutral	0.081	0.000	0.012	0.103	0.210	0.002	0.593
neutral	0.057	0.000	0.017	0.093	0.293	0.005	0.534
neutral	0.067	0.000	0.026	0.075	0.330	0.006	0.496
neutral	0.083	0.000	0.020	0.050	0.408	0.004	0.435
neutral	0.063	0.000	0.016	0.066	0.288	0.004	0.562
neutral	0.076	0.000	0.014	0.065	0.315	0.003	0.527
neutral	0.124	0.000	0.007	0.101	0.187	0.001	0.580
neutral	0.064	0.000	0.006	0.158	0.154	0.001	0.617
neutral	0.060	0.000	0.010	0.099	0.214	0.003	0.613
neutral	0.110	0.000	0.007	0.146	0.180	0.006	0.551
neutral	0.093	0.000	0.012	0.181	0.242	0.010	0.462
sad	0.064	0.000	0.015	0.075	0.461	0.005	0.380
neutral	0.075	0.000	0.016	0.190	0.330	0.007	0.382
neutral	0.120	0.000	0.008	0.117	0.350	0.002	0.402
neutral	0.098	0.000	0.011	0.115	0.311	0.003	0.461
happy	0.059	0.001	0.049	0.374	0.068	0.106	0.343
happy	0.048	0.004	0.017	0.690	0.048	0.055	0.139
happy	0.027	0.001	0.011	0.673	0.025	0.025	0.240
sad	0.226	0.000	0.021	0.155	0.309	0.003	0.286
neutral	0.035	0.000	0.008	0.056	0.099	0.001	0.802
neutral	0.100	0.000	0.009	0.074	0.102	0.001	0.714
neutral	0.069	0.000	0.010	0.232	0.071	0.001	0.617
neutral	0.112	0.001	0.025	0.106	0.201	0.002	0.553
neutral	0.052	0.000	0.029	0.034	0.253	0.004	0.628
neutral	0.059	0.000	0.056	0.077	0.222	0.019	0.567
neutral	0.045	0.000	0.009	0.390	0.064	0.016	0.476
happy	0.020	0.000	0.004	0.753	0.024	0.013	0.186
neutral	0.022	0.000	0.003	0.377	0.062	0.001	0.535
happy	0.026	0.000	0.005	0.593	0.079	0.003	0.295
sad	0.102	0.000	0.045	0.005	0.822	0.017	0.010
happy	0.034	0.000	0.015	0.842	0.041	0.005	0.063
happy	0.014	0.000	0.012	0.735	0.065	0.002	0.173
happy	0.021	0.001	0.006	0.800	0.059	0.003	0.110
happy	0.101	0.005	0.058	0.567	0.158	0.015	0.096
happy	0.039	0.002	0.058	0.591	0.121	0.028	0.161
neutral	0.041	0.000	0.019	0.122	0.328	0.008	0.481
neutral	0.033	0.000	0.014	0.291	0.134	0.015	0.512
happy	0.033	0.001	0.017	0.408	0.141	0.011	0.390
neutral	0.060	0.001	0.025	0.166	0.246	0.007	0.495
happy	0.043	0.002	0.025	0.397	0.133	0.026	0.373
neutral	0.082	0.002	0.009	0.184	0.233	0.002	0.487
neutral	0.120	0.000	0.006	0.290	0.211	0.001	0.372
happy	0.045	0.000	0.006	0.422	0.108	0.003	0.416
happy	0.085	0.024	0.068	0.398	0.145	0.074	0.205
happy	0.022	0.002	0.004	0.811	0.039	0.002	0.120
happy	0.037	0.007	0.006	0.866	0.015	0.015	0.054
happy	0.045	0.005	0.008	0.732	0.056	0.009	0.145
happy	0.068	0.000	0.009	0.440	0.128	0.005	0.350
happy	0.055	0.003	0.013	0.713	0.050	0.021	0.144
happy	0.111	0.028	0.018	0.624	0.063	0.013	0.144
happy	0.051	0.008	0.028	0.768	0.049	0.021	0.074
happy	0.040	0.003	0.011	0.477	0.119	0.009	0.341
neutral	0.036	0.000	0.005	0.381	0.133	0.004	0.439
neutral	0.086	0.000	0.007	0.139	0.235	0.002	0.530
happy	0.206	0.004	0.010	0.317	0.154	0.006	0.303
neutral	0.115	0.001	0.007	0.318	0.139	0.003	0.415
neutral	0.089	0.001	0.011	0.246	0.158	0.005	0.490
neutral	0.055	0.002	0.007	0.374	0.162	0.010	0.390
neutral	0.049	0.001	0.009	0.221	0.292	0.009	0.418
angry	0.574	0.002	0.021	0.026	0.301	0.001	0.075
angry	0.640	0.011	0.021	0.015	0.290	0.001	0.022
angry	0.367	0.119	0.049	0.166	0.241	0.007	0.051
angry	0.366	0.083	0.036	0.301	0.156	0.006	0.051
happy	0.277	0.067	0.019	0.530	0.082	0.002	0.023
happy	0.324	0.013	0.017	0.394	0.208	0.001	0.044
happy	0.318	0.002	0.005	0.529	0.079	0.001	0.067
happy	0.064	0.003	0.004	0.728	0.084	0.002	0.116
happy	0.015	0.004	0.001	0.896	0.015	0.003	0.066
happy	0.037	0.008	0.003	0.847	0.019	0.006	0.081
happy	0.025	0.005	0.002	0.872	0.016	0.005	0.076
happy	0.041	0.007	0.004	0.765	0.049	0.011	0.121
happy	0.020	0.003	0.002	0.840	0.032	0.003	0.101
happy	0.047	0.003	0.003	0.709	0.081	0.001	0.156
happy	0.065	0.003	0.009	0.506	0.215	0.001	0.201
sad	0.130	0.003	0.011	0.225	0.342	0.002	0.288
happy	0.035	0.000	0.021	0.401	0.174	0.016	0.352
sad	0.113	0.002	0.013	0.196	0.358	0.001	0.318
happy	0.038	0.001	0.025	0.452	0.162	0.032	0.291
sad	0.160	0.001	0.012	0.112	0.529	0.001	0.186
sad	0.157	0.001	0.012	0.073	0.468	0.001	0.288
sad	0.154	0.000	0.012	0.128	0.424	0.001	0.282
sad	0.200	0.000	0.013	0.152	0.349	0.001	0.284
neutral	0.150	0.000	0.015	0.181	0.305	0.002	0.347
neutral	0.143	0.000	0.010	0.138	0.249	0.002	0.457
neutral	0.183	0.000	0.010	0.140	0.172	0.002	0.493
sad	0.139	0.000	0.017	0.079	0.449	0.002	0.314
neutral	0.139	0.001	0.015	0.071	0.339	0.001	0.434
sad	0.150	0.000	0.014	0.072	0.479	0.001	0.284
sad	0.180	0.000	0.015	0.092	0.502	0.001	0.211
neutral	0.201	0.000	0.014	0.102	0.270	0.003	0.410
neutral	0.160	0.000	0.013	0.129	0.278	0.002	0.418
sad	0.193	0.000	0.016	0.096	0.437	0.002	0.256
neutral	0.156	0.001	0.013	0.145	0.236	0.003	0.446
neutral	0.207	0.001	0.012	0.062	0.332	0.002	0.385
sad	0.204	0.001	0.012	0.052	0.480	0.001	0.251
sad	0.189	0.000	0.014	0.044	0.584	0.001	0.168
sad	0.178	0.001	0.020	0.036	0.584	0.001	0.180
sad	0.194	0.000	0.012	0.041	0.568	0.001	0.183
sad	0.144	0.000	0.015	0.029	0.591	0.001	0.220
sad	0.205	0.000	0.020	0.026	0.530	0.001	0.218
sad	0.166	0.000	0.012	0.036	0.516	0.001	0.269
sad	0.160	0.000	0.018	0.027	0.527	0.001	0.266
sad	0.294	0.000	0.015	0.040	0.451	0.001	0.198
sad	0.269	0.001	0.014	0.047	0.394	0.002	0.275
sad	0.220	0.000	0.015	0.031	0.519	0.001	0.213
sad	0.175	0.000	0.018	0.028	0.492	0.001	0.286
sad	0.195	0.001	0.015	0.025	0.520	0.002	0.243
sad	0.240	0.000	0.014	0.033	0.445	0.001	0.266
sad	0.109	0.001	0.016	0.036	0.502	0.001	0.336
sad	0.167	0.000	0.016	0.027	0.521	0.001	0.267
sad	0.180	0.001	0.014	0.048	0.382	0.002	0.373
sad	0.167	0.001	0.016	0.034	0.508	0.001	0.274
sad	0.115	0.001	0.015	0.050	0.422	0.001	0.396
sad	0.123	0.001	0.015	0.045	0.418	0.002	0.395
sad	0.276	0.000	0.012	0.030	0.490	0.002	0.189
sad	0.159	0.000	0.015	0.039	0.493	0.001	0.293
sad	0.162	0.000	0.014	0.040	0.487	0.001	0.296
sad	0.170	0.001	0.017	0.034	0.514	0.002	0.263
sad	0.174	0.001	0.016	0.044	0.523	0.002	0.240
sad	0.204	0.001	0.014	0.039	0.490	0.002	0.250
sad	0.260	0.001	0.015	0.033	0.395	0.002	0.294
sad	0.159	0.001	0.017	0.028	0.476	0.002	0.319
sad	0.156	0.001	0.014	0.036	0.471	0.002	0.320
sad	0.146	0.001	0.018	0.033	0.435	0.002	0.366
sad	0.134	0.001	0.018	0.036	0.442	0.002	0.367
sad	0.093	0.001	0.017	0.043	0.431	0.002	0.412
neutral	0.141	0.000	0.012	0.057	0.390	0.001	0.399
sad	0.163	0.000	0.011	0.053	0.397	0.001	0.374
sad	0.173	0.001	0.016	0.047	0.468	0.002	0.294
sad	0.120	0.001	0.016	0.058	0.455	0.001	0.348
sad	0.143	0.001	0.017	0.039	0.485	0.002	0.313
sad	0.110	0.001	0.016	0.033	0.508	0.002	0.331
sad	0.103	0.000	0.013	0.050	0.580	0.001	0.253
sad	0.087	0.001	0.014	0.038	0.667	0.001	0.193
sad	0.168	0.000	0.016	0.068	0.425	0.002	0.321
sad	0.195	0.000	0.015	0.040	0.503	0.001	0.247
sad	0.190	0.001	0.013	0.038	0.472	0.001	0.285
neutral	0.069	0.003	0.031	0.243	0.299	0.006	0.350
sad	0.263	0.000	0.009	0.049	0.438	0.001	0.240
sad	0.254	0.000	0.009	0.052	0.448	0.001	0.235
neutral	0.095	0.002	0.044	0.232	0.267	0.006	0.354
sad	0.322	0.000	0.009	0.032	0.411	0.002	0.223
sad	0.291	0.000	0.010	0.048	0.407	0.002	0.241
sad	0.343	0.000	0.009	0.048	0.375	0.002	0.223
neutral	0.156	0.000	0.009	0.044	0.331	0.001	0.458
sad	0.314	0.000	0.011	0.064	0.360	0.002	0.248
sad	0.235	0.000	0.015	0.051	0.392	0.002	0.306
sad	0.328	0.000	0.009	0.035	0.457	0.001	0.169
sad	0.307	0.000	0.009	0.064	0.430	0.001	0.188
sad	0.306	0.000	0.009	0.060	0.434	0.001	0.190
sad	0.222	0.000	0.013	0.071	0.375	0.002	0.317
neutral	0.294	0.000	0.005	0.080	0.216	0.002	0.404
neutral	0.232	0.000	0.004	0.073	0.166	0.002	0.523
neutral	0.304	0.000	0.005	0.105	0.224	0.001	0.360
sad	0.120	0.001	0.015	0.059	0.439	0.001	0.365
sad	0.130	0.001	0.012	0.152	0.413	0.001	0.291
sad	0.143	0.001	0.015	0.048	0.492	0.001	0.300
neutral	0.260	0.000	0.006	0.182	0.256	0.002	0.294
sad	0.111	0.001	0.019	0.041	0.528	0.001	0.299
sad	0.147	0.000	0.011	0.100	0.483	0.001	0.259
sad	0.179	0.001	0.022	0.065	0.477	0.002	0.254
sad	0.228	0.000	0.009	0.107	0.343	0.002	0.312
neutral	0.234	0.000	0.010	0.088	0.308	0.003	0.357
neutral	0.243	0.000	0.005	0.099	0.214	0.002	0.438
neutral	0.197	0.000	0.004	0.145	0.228	0.001	0.424
neutral	0.190	0.000	0.009	0.068	0.301	0.001	0.430
neutral	0.177	0.000	0.013	0.114	0.307	0.001	0.387
sad	0.250	0.000	0.009	0.051	0.397	0.001	0.292
angry	0.422	0.000	0.006	0.050	0.305	0.001	0.216
sad	0.217	0.000	0.009	0.051	0.393	0.001	0.329
sad	0.311	0.000	0.008	0.033	0.374	0.001	0.274
neutral	0.329	0.000	0.009	0.044	0.268	0.001	0.349
neutral	0.317	0.000	0.008	0.050	0.290	0.001	0.333
angry	0.331	0.000	0.008	0.056	0.308	0.001	0.295
neutral	0.298	0.000	0.007	0.060	0.215	0.002	0.418
angry	0.435	0.000	0.007	0.103	0.224	0.001	0.229
angry	0.389	0.001	0.009	0.059	0.238	0.001	0.304
neutral	0.226	0.001	0.010	0.067	0.237	0.002	0.457
angry	0.364	0.000	0.007	0.070	0.255	0.001	0.303
neutral	0.314	0.001	0.008	0.064	0.257	0.001	0.354
angry	0.395	0.000	0.007	0.072	0.307	0.002	0.216
angry	0.387	0.000	0.006	0.088	0.219	0.001	0.298
angry	0.444	0.000	0.009	0.066	0.269	0.001	0.211
neutral	0.175	0.000	0.009	0.087	0.253	0.002	0.475
neutral	0.294	0.001	0.009	0.080	0.274	0.002	0.340
angry	0.337	0.000	0.007	0.104	0.271	0.002	0.278
angry	0.326	0.000	0.009	0.100	0.287	0.002	0.276
neutral	0.281	0.000	0.007	0.148	0.275	0.002	0.288
angry	0.317	0.000	0.006	0.142	0.243	0.002	0.290
neutral	0.179	0.000	0.011	0.122	0.272	0.002	0.414
neutral	0.208	0.000	0.009	0.204	0.223	0.002	0.354
neutral	0.231	0.000	0.010	0.106	0.293	0.003	0.357
sad	0.270	0.000	0.006	0.136	0.328	0.001	0.258
sad	0.287	0.000	0.009	0.104	0.318	0.002	0.280
neutral	0.178	0.000	0.010	0.103	0.289	0.002	0.417
angry	0.349	0.000	0.007	0.110	0.304	0.001	0.228
neutral	0.195	0.000	0.005	0.159	0.284	0.001	0.355
neutral	0.136	0.000	0.009	0.094	0.254	0.002	0.504
neutral	0.258	0.000	0.009	0.114	0.306	0.002	0.310
angry	0.328	0.000	0.009	0.091	0.325	0.002	0.245
angry	0.350	0.000	0.009	0.099	0.322	0.002	0.218
sad	0.291	0.000	0.008	0.089	0.360	0.002	0.250
neutral	0.216	0.001	0.006	0.084	0.258	0.002	0.434
neutral	0.192	0.001	0.010	0.048	0.308	0.002	0.439
neutral	0.105	0.002	0.036	0.255	0.215	0.010	0.378
sad	0.303	0.001	0.010	0.067	0.350	0.003	0.267
neutral	0.073	0.001	0.025	0.257	0.251	0.009	0.383
sad	0.228	0.000	0.007	0.090	0.340	0.002	0.334
neutral	0.245	0.001	0.008	0.054	0.318	0.002	0.373
sad	0.249	0.001	0.009	0.085	0.333	0.003	0.321
sad	0.237	0.000	0.007	0.137	0.382	0.002	0.235
sad	0.327	0.000	0.007	0.064	0.392	0.001	0.209
sad	0.181	0.000	0.017	0.075	0.408	0.003	0.315
sad	0.212	0.001	0.010	0.057	0.415	0.002	0.304
sad	0.283	0.000	0.010	0.068	0.323	0.001	0.314
neutral	0.272	0.001	0.010	0.063	0.301	0.002	0.351
sad	0.185	0.001	0.012	0.054	0.415	0.003	0.331
neutral	0.308	0.000	0.007	0.102	0.273	0.002	0.308
neutral	0.235	0.001	0.008	0.095	0.278	0.002	0.382
neutral	0.220	0.001	0.010	0.076	0.305	0.003	0.384
sad	0.138	0.001	0.017	0.076	0.415	0.001	0.352
sad	0.089	0.000	0.014	0.090	0.561	0.001	0.246
sad	0.111	0.001	0.019	0.028	0.639	0.001	0.201
sad	0.137	0.002	0.020	0.058	0.469	0.002	0.313
neutral	0.181	0.000	0.011	0.113	0.291	0.002	0.402
neutral	0.248	0.000	0.011	0.073	0.312	0.002	0.354
sad	0.185	0.000	0.012	0.070	0.370	0.002	0.360
sad	0.214	0.001	0.010	0.107	0.358	0.002	0.308
neutral	0.211	0.000	0.007	0.092	0.295	0.002	0.393
neutral	0.192	0.001	0.008	0.099	0.326	0.002	0.373
neutral	0.137	0.000	0.006	0.095	0.378	0.002	0.383
neutral	0.179	0.000	0.008	0.088	0.328	0.002	0.394
sad	0.103	0.000	0.012	0.077	0.425	0.002	0.381
neutral	0.098	0.000	0.007	0.106	0.339	0.002	0.449
neutral	0.107	0.000	0.009	0.065	0.311	0.002	0.506
neutral	0.117	0.000	0.008	0.037	0.321	0.002	0.515
neutral	0.102	0.000	0.009	0.063	0.307	0.002	0.517
neutral	0.091	0.000	0.008	0.072	0.253	0.002	0.574
neutral	0.114	0.000	0.009	0.074	0.329	0.002	0.472
neutral	0.097	0.000	0.008	0.053	0.357	0.001	0.484
neutral	0.089	0.000	0.005	0.090	0.235	0.002	0.580
neutral	0.091	0.000	0.006	0.115	0.257	0.002	0.529
neutral	0.126	0.000	0.009	0.120	0.290	0.002	0.453
neutral	0.125	0.000	0.009	0.132	0.294	0.002	0.438
neutral	0.163	0.000	0.006	0.161	0.233	0.002	0.435
neutral	0.171	0.000	0.009	0.046	0.378	0.001	0.394
neutral	0.155	0.000	0.008	0.064	0.302	0.001	0.472
neutral	0.234	0.000	0.010	0.061	0.335	0.001	0.359
sad	0.161	0.000	0.017	0.039	0.462	0.001	0.320
sad	0.185	0.000	0.012	0.083	0.424	0.001	0.296
sad	0.269	0.000	0.011	0.021	0.473	0.001	0.224
sad	0.220	0.000	0.018	0.030	0.520	0.001	0.212
sad	0.248	0.000	0.013	0.048	0.436	0.001	0.255
sad	0.184	0.000	0.012	0.063	0.415	0.001	0.325
sad	0.153	0.000	0.012	0.043	0.397	0.001	0.393
sad	0.266	0.001	0.016	0.028	0.478	0.001	0.210
sad	0.299	0.000	0.013	0.059	0.352	0.002	0.275
sad	0.237	0.000	0.009	0.061	0.423	0.002	0.267
sad	0.194	0.000	0.012	0.044	0.493	0.002	0.256
sad	0.168	0.000	0.012	0.038	0.511	0.001	0.269
sad	0.182	0.001	0.014	0.025	0.602	0.001	0.176
sad	0.140	0.000	0.018	0.038	0.505	0.001	0.299
sad	0.228	0.000	0.013	0.024	0.524	0.001	0.209
sad	0.237	0.000	0.020	0.028	0.481	0.001	0.234
sad	0.234	0.000	0.015	0.041	0.476	0.002	0.232
sad	0.282	0.000	0.010	0.049	0.399	0.001	0.258
sad	0.142	0.000	0.008	0.067	0.439	0.001	0.342
sad	0.221	0.000	0.017	0.069	0.451	0.001	0.239
sad	0.238	0.000	0.010	0.040	0.423	0.001	0.287
sad	0.153	0.001	0.016	0.031	0.580	0.001	0.218
sad	0.172	0.000	0.017	0.025	0.570	0.001	0.214
sad	0.191	0.000	0.019	0.039	0.546	0.001	0.204
sad	0.145	0.000	0.017	0.030	0.641	0.001	0.168
sad	0.149	0.000	0.016	0.041	0.592	0.000	0.202
sad	0.175	0.000	0.011	0.024	0.580	0.001	0.209
