prediction	angry	disgust	fear	happy	sad	surprise	neutral
neutral	0.003	0.000	0.001	0.485	0.007	0.003	0.502
neutral	0.008	0.000	0.001	0.436	0.008	0.001	0.547
neutral	0.005	0.000	0.001	0.451	0.007	0.001	0.536
happy	0.004	0.000	0.000	0.663	0.005	0.001	0.327
neutral	0.114	0.001	0.033	0.081	0.185	0.037	0.549
happy	0.005	0.000	0.001	0.697	0.006	0.000	0.291
neutral	0.072	0.001	0.027	0.109	0.112	0.029	0.650
happy	0.005	0.000	0.001	0.615	0.011	0.001	0.366
happy	0.007	0.000	0.001	0.667	0.011	0.001	0.312
happy	0.006	0.000	0.001	0.674	0.008	0.002	0.310
happy	0.004	0.000	0.001	0.754	0.006	0.002	0.233
happy	0.007	0.000	0.003	0.531	0.020	0.002	0.436
happy	0.019	0.000	0.008	0.522	0.043	0.005	0.403
happy	0.016	0.000	0.006	0.545	0.032	0.006	0.395
happy	0.009	0.000	0.002	0.711	0.013	0.002	0.264
happy	0.008	0.000	0.002	0.882	0.008	0.003	0.097
happy	0.008	0.000	0.004	0.850	0.017	0.003	0.118
happy	0.009	0.000	0.006	0.763	0.021	0.003	0.198
happy	0.006	0.000	0.003	0.833	0.010	0.002	0.146
happy	0.030	0.001	0.010	0.604	0.075	0.002	0.278
happy	0.018	0.001	0.006	0.570	0.058	0.002	0.345
neutral	0.032	0.001	0.007	0.418	0.054	0.009	0.479
happy	0.029	0.003	0.014	0.384	0.158	0.028	0.384
neutral	0.033	0.000	0.017	0.275	0.073	0.050	0.552
neutral	0.233	0.016	0.037	0.169	0.082	0.227	0.237
sad	0.087	0.002	0.114	0.184	0.396	0.078	0.139
sad	0.024	0.009	0.107	0.015	0.601	0.041	0.201
sad	0.082	0.024	0.102	0.106	0.452	0.051	0.185
sad	0.145	0.009	0.124	0.187	0.359	0.076	0.100
sad	0.053	0.012	0.097	0.064	0.459	0.075	0.240
sad	0.047	0.014	0.054	0.112	0.377	0.070	0.327
sad	0.048	0.004	0.047	0.053	0.483	0.048	0.317
sad	0.051	0.011	0.055	0.051	0.366	0.215	0.251
happy	0.039	0.004	0.083	0.511	0.195	0.111	0.058
happy	0.096	0.021	0.065	0.519	0.098	0.105	0.097
sad	0.037	0.003	0.076	0.033	0.523	0.166	0.164
sad	0.030	0.002	0.139	0.051	0.394	0.226	0.158
surprise	0.010	0.002	0.097	0.080	0.319	0.325	0.168
sad	0.064	0.001	0.184	0.076	0.240	0.209	0.226
sad	0.057	0.001	0.197	0.025	0.357	0.320	0.043
surprise	0.091	0.001	0.175	0.041	0.273	0.290	0.129
surprise	0.058	0.001	0.133	0.003	0.306	0.469	0.030
surprise	0.039	0.002	0.181	0.002	0.169	0.592	0.015
surprise	0.025	0.002	0.078	0.006	0.281	0.549	0.059
surprise	0.040	0.001	0.131	0.003	0.259	0.539	0.027
surprise	0.077	0.003	0.066	0.077	0.215	0.434	0.128
surprise	0.082	0.000	0.069	0.027	0.203	0.570	0.049
sad	0.047	0.002	0.127	0.061	0.453	0.216	0.094
sad	0.053	0.020	0.166	0.054	0.445	0.023	0.238
neutral	0.013	0.005	0.028	0.133	0.109	0.026	0.687
neutral	0.009	0.013	0.026	0.051	0.312	0.003	0.587
neutral	0.007	0.003	0.017	0.068	0.093	0.004	0.809
neutral	0.021	0.002	0.035	0.084	0.105	0.010	0.744
neutral	0.025	0.005	0.051	0.089	0.143	0.009	0.678
neutral	0.014	0.003	0.031	0.075	0.100	0.007	0.770
neutral	0.012	0.004	0.052	0.083	0.151	0.011	0.689
neutral	0.006	0.000	0.028	0.159	0.044	0.015	0.748
neutral	0.008	0.000	0.031	0.163	0.080	0.014	0.702
neutral	0.006	0.000	0.045	0.185	0.038	0.017	0.709
neutral	0.004	0.000	0.016	0.154	0.055	0.008	0.761
neutral	0.011	0.000	0.031	0.158	0.062	0.024	0.713
neutral	0.019	0.000	0.037	0.305	0.042	0.034	0.564
happy	0.006	0.000	0.015	0.670	0.015	0.021	0.273
happy	0.012	0.000	0.010	0.478	0.027	0.004	0.468
happy	0.010	0.000	0.005	0.614	0.015	0.005	0.352
happy	0.017	0.000	0.014	0.816	0.018	0.015	0.120
happy	0.020	0.000	0.013	0.675	0.012	0.006	0.275
happy	0.010	0.000	0.006	0.839	0.011	0.008	0.126
happy	0.004	0.000	0.003	0.755	0.008	0.004	0.225
happy	0.013	0.000	0.003	0.707	0.014	0.004	0.258
happy	0.017	0.000	0.003	0.573	0.013	0.005	0.388
happy	0.010	0.000	0.003	0.668	0.018	0.003	0.297
happy	0.006	0.000	0.001	0.759	0.005	0.004	0.226
happy	0.007	0.000	0.001	0.883	0.004	0.002	0.103
happy	0.005	0.000	0.000	0.832	0.006	0.001	0.156
happy	0.027	0.000	0.001	0.582	0.045	0.000	0.345
neutral	0.015	0.000	0.001	0.348	0.027	0.000	0.608
happy	0.006	0.000	0.002	0.648	0.017	0.002	0.326
happy	0.010	0.000	0.001	0.579	0.016	0.000	0.394
happy	0.009	0.000	0.004	0.668	0.029	0.003	0.288
happy	0.022	0.000	0.033	0.717	0.060	0.020	0.148
happy	0.009	0.000	0.003	0.748	0.012	0.002	0.225
happy	0.012	0.000	0.007	0.787	0.027	0.011	0.157
happy	0.008	0.000	0.003	0.862	0.008	0.004	0.116
happy	0.006	0.000	0.001	0.907	0.005	0.002	0.078
happy	0.006	0.000	0.003	0.864	0.008	0.008	0.111
happy	0.006	0.000	0.001	0.846	0.007	0.003	0.136
happy	0.012	0.000	0.002	0.758	0.014	0.002	0.213
happy	0.012	0.000	0.001	0.797	0.013	0.001	0.176
happy	0.011	0.000	0.001	0.817	0.010	0.001	0.160
happy	0.010	0.000	0.003	0.686	0.017	0.004	0.279
happy	0.003	0.000	0.001	0.939	0.003	0.005	0.050
happy	0.011	0.000	0.005	0.743	0.016	0.006	0.220
happy	0.006	0.000	0.002	0.844	0.007	0.007	0.134
happy	0.011	0.000	0.006	0.758	0.014	0.013	0.200
happy	0.010	0.000	0.012	0.823	0.013	0.008	0.134
happy	0.011	0.000	0.004	0.561	0.025	0.004	0.395
neutral	0.029	0.000	0.015	0.352	0.047	0.005	0.552
neutral	0.019	0.000	0.023	0.277	0.046	0.008	0.627
happy	0.007	0.000	0.007	0.675	0.025	0.007	0.278
neutral	0.008	0.000	0.009	0.467	0.022	0.005	0.489
happy	0.019	0.000	0.015	0.525	0.035	0.005	0.401
happy	0.018	0.000	0.005	0.579	0.024	0.003	0.371
happy	0.012	0.000	0.004	0.751	0.015	0.005	0.213
happy	0.011	0.000	0.006	0.653	0.023	0.006	0.301
happy	0.014	0.000	0.004	0.500	0.020	0.003	0.459
happy	0.009	0.000	0.003	0.552	0.018	0.003	0.415
happy	0.008	0.000	0.001	0.752	0.011	0.002	0.225
happy	0.004	0.000	0.001	0.818	0.007	0.001	0.170
happy	0.007	0.000	0.001	0.630	0.015	0.000	0.346
happy	0.010	0.000	0.002	0.669	0.020	0.001	0.298
happy	0.008	0.000	0.001	0.762	0.009	0.001	0.220
happy	0.003	0.000	0.000	0.762	0.006	0.000	0.229
happy	0.005	0.000	0.001	0.679	0.013	0.000	0.301
happy	0.007	0.000	0.001	0.605	0.020	0.001	0.366
happy	0.005	0.000	0.001	0.622	0.011	0.000	0.360
happy	0.005	0.000	0.001	0.759	0.009	0.000	0.225
happy	0.005	0.000	0.001	0.725	0.009	0.001	0.259
happy	0.004	0.000	0.001	0.824	0.005	0.000	0.165
happy	0.005	0.000	0.001	0.791	0.007	0.001	0.195
neutral	0.008	0.000	0.002	0.305	0.013	0.001	0.672
happy	0.009	0.000	0.002	0.571	0.010	0.001	0.406
neutral	0.010	0.000	0.002	0.476	0.009	0.002	0.501
happy	0.011	0.000	0.002	0.550	0.016	0.001	0.421
happy	0.008	0.000	0.001	0.592	0.015	0.001	0.383
happy	0.011	0.000	0.001	0.547	0.015	0.001	0.426
happy	0.008	0.000	0.001	0.531	0.016	0.000	0.443
happy	0.009	0.000	0.001	0.578	0.013	0.000	0.399
happy	0.006	0.000	0.001	0.814	0.008	0.000	0.172
happy	0.013	0.000	0.002	0.636	0.014	0.001	0.334
happy	0.013	0.000	0.001	0.620	0.015	0.000	0.350
happy	0.006	0.000	0.001	0.632	0.010	0.000	0.351
happy	0.008	0.000	0.001	0.550	0.010	0.001	0.430
happy	0.008	0.000	0.001	0.653	0.011	0.000	0.327
neutral	0.006	0.000	0.001	0.485	0.014	0.000	0.493
neutral	0.011	0.000	0.002	0.438	0.036	0.001	0.513
happy	0.004	0.000	0.001	0.516	0.019	0.000	0.460
neutral	0.014	0.000	0.003	0.386	0.031	0.001	0.566
neutral	0.006	0.000	0.003	0.261	0.027	0.002	0.701
happy	0.012	0.000	0.008	0.532	0.036	0.006	0.407
happy	0.022	0.001	0.003	0.616	0.021	0.006	0.332
happy	0.007	0.000	0.002	0.887	0.013	0.003	0.088
happy	0.008	0.000	0.002	0.877	0.014	0.001	0.098
happy	0.014	0.000	0.002	0.899	0.012	0.001	0.072
happy	0.030	0.000	0.010	0.800	0.039	0.003	0.118
happy	0.021	0.000	0.011	0.769	0.043	0.003	0.153
happy	0.013	0.000	0.007	0.753	0.033	0.001	0.192
happy	0.015	0.000	0.003	0.726	0.029	0.001	0.226
happy	0.011	0.000	0.003	0.778	0.033	0.001	0.174
happy	0.022	0.000	0.008	0.629	0.062	0.001	0.277
happy	0.006	0.000	0.003	0.873	0.015	0.001	0.103
happy	0.004	0.000	0.003	0.746	0.015	0.002	0.230
happy	0.011	0.000	0.002	0.715	0.020	0.000	0.251
happy	0.004	0.000	0.003	0.644	0.019	0.001	0.329
happy	0.004	0.000	0.002	0.548	0.014	0.000	0.431
neutral	0.003	0.000	0.002	0.459	0.012	0.001	0.523
happy	0.006	0.000	0.003	0.510	0.016	0.006	0.458
neutral	0.006	0.000	0.006	0.475	0.024	0.005	0.484
happy	0.006	0.000	0.003	0.497	0.020	0.004	0.471
happy	0.004	0.000	0.003	0.575	0.017	0.003	0.398
neutral	0.012	0.000	0.004	0.355	0.028	0.002	0.599
neutral	0.018	0.000	0.001	0.349	0.012	0.001	0.620
neutral	0.008	0.000	0.001	0.223	0.015	0.001	0.751
happy	0.003	0.000	0.000	0.711	0.005	0.001	0.281
neutral	0.012	0.000	0.002	0.388	0.019	0.001	0.578
happy	0.012	0.000	0.005	0.617	0.027	0.001	0.339
happy	0.005	0.000	0.000	0.716	0.011	0.000	0.267
neutral	0.028	0.000	0.002	0.187	0.077	0.000	0.706
neutral	0.010	0.000	0.001	0.407	0.018	0.001	0.562
happy	0.007	0.000	0.001	0.617	0.014	0.001	0.361
neutral	0.009	0.000	0.001	0.347	0.010	0.000	0.634
neutral	0.008	0.000	0.001	0.413	0.013	0.001	0.564
happy	0.008	0.000	0.001	0.671	0.007	0.001	0.312
neutral	0.012	0.000	0.002	0.386	0.020	0.001	0.580
neutral	0.015	0.000	0.003	0.326	0.021	0.001	0.634
neutral	0.014	0.000	0.001	0.412	0.018	0.001	0.554
neutral	0.020	0.000	0.002	0.374	0.022	0.001	0.582
neutral	0.007	0.000	0.001	0.305	0.010	0.000	0.677
happy	0.007	0.000	0.001	0.500	0.011	0.001	0.481
neutral	0.009	0.000	0.001	0.348	0.010	0.000	0.632
neutral	0.017	0.000	0.001	0.208	0.031	0.000	0.742
neutral	0.013	0.000	0.001	0.370	0.022	0.000	0.594
neutral	0.006	0.000	0.001	0.452	0.011	0.001	0.528
neutral	0.006	0.000	0.001	0.435	0.007	0.001	0.550
neutral	0.011	0.000	0.001	0.414	0.009	0.002	0.564
happy	0.004	0.000	0.000	0.709	0.003	0.001	0.283
neutral	0.009	0.000	0.001	0.364	0.016	0.001	0.609
neutral	0.019	0.000	0.003	0.415	0.028	0.001	0.533
happy	0.003	0.000	0.000	0.789	0.003	0.000	0.204
happy	0.002	0.000	0.000	0.929	0.001	0.000	0.068
happy	0.006	0.000	0.000	0.821	0.004	0.000	0.168
happy	0.006	0.000	0.000	0.799	0.005	0.001	0.189
happy	0.015	0.000	0.001	0.676	0.011	0.001	0.296
happy	0.011	0.000	0.001	0.648	0.012	0.000	0.328
happy	0.014	0.000	0.002	0.518	0.023	0.001	0.442
happy	0.015	0.000	0.001	0.599	0.015	0.000	0.369
neutral	0.011	0.000	0.001	0.433	0.016	0.000	0.539
neutral	0.016	0.000	0.001	0.469	0.014	0.000	0.499
happy	0.007	0.000	0.000	0.744	0.006	0.000	0.242
happy	0.007	0.000	0.001	0.829	0.008	0.000	0.156
happy	0.005	0.000	0.000	0.844	0.008	0.000	0.143
happy	0.019	0.000	0.001	0.555	0.040	0.000	0.384
happy	0.014	0.000	0.002	0.502	0.032	0.001	0.450
happy	0.012	0.000	0.001	0.808	0.009	0.000	0.169
happy	0.010	0.000	0.001	0.735	0.010	0.000	0.244
happy	0.004	0.000	0.000	0.802	0.005	0.000	0.187
happy	0.004	0.000	0.000	0.746	0.004	0.000	0.245
neutral	0.017	0.000	0.001	0.421	0.025	0.000	0.535
happy	0.007	0.000	0.000	0.527	0.010	0.000	0.456
happy	0.011	0.000	0.001	0.549	0.021	0.000	0.417
neutral	0.023	0.000	0.002	0.305	0.038	0.000	0.631
happy	0.011	0.000	0.001	0.684	0.023	0.000	0.281
neutral	0.018	0.000	0.001	0.442	0.021	0.000	0.518
happy	0.014	0.000	0.001	0.726	0.017	0.000	0.243
neutral	0.031	0.000	0.001	0.452	0.030	0.000	0.485
happy	0.007	0.000	0.000	0.646	0.009	0.000	0.338
happy	0.003	0.000	0.000	0.721	0.006	0.000	0.269
happy	0.009	0.000	0.001	0.625	0.013	0.000	0.353
neutral	0.059	0.000	0.002	0.365	0.053	0.000	0.521
happy	0.004	0.000	0.000	0.962	0.004	0.000	0.029
happy	0.003	0.000	0.000	0.831	0.006	0.000	0.160
happy	0.004	0.000	0.000	0.915	0.003	0.000	0.078
happy	0.007	0.000	0.001	0.486	0.021	0.000	0.486
neutral	0.010	0.000	0.000	0.369	0.028	0.000	0.593
happy	0.006	0.000	0.000	0.633	0.014	0.000	0.346
happy	0.003	0.000	0.000	0.906	0.004	0.000	0.087
happy	0.002	0.000	0.000	0.896	0.004	0.000	0.098
happy	0.002	0.000	0.000	0.906	0.005	0.000	0.087
neutral	0.009	0.000	0.002	0.238	0.052	0.000	0.699
happy	0.010	0.000	0.000	0.566	0.013	0.000	0.410
happy	0.009	0.000	0.000	0.608	0.021	0.000	0.361
happy	0.008	0.000	0.001	0.784	0.019	0.000	0.188
neutral	0.008	0.000	0.001	0.458	0.023	0.000	0.509
neutral	0.012	0.000	0.001	0.402	0.028	0.000	0.557
neutral	0.008	0.000	0.001	0.238	0.018	0.000	0.735
neutral	0.007	0.000	0.001	0.330	0.018	0.000	0.645
neutral	0.012	0.000	0.001	0.416	0.016	0.000	0.555
happy	0.006	0.000	0.000	0.806	0.011	0.000	0.177
happy	0.005	0.000	0.000	0.772	0.010	0.000	0.212
happy	0.005	0.000	0.000	0.854	0.006	0.000	0.134
happy	0.004	0.000	0.000	0.813	0.005	0.000	0.178
happy	0.005	0.000	0.000	0.796	0.011	0.000	0.188
happy	0.003	0.000	0.000	0.842	0.006	0.000	0.149
happy	0.008	0.000	0.001	0.784	0.014	0.000	0.193
happy	0.008	0.000	0.000	0.656	0.016	0.000	0.319
happy	0.008	0.000	0.001	0.742	0.024	0.000	0.225
happy	0.008	0.000	0.001	0.713	0.026	0.000	0.252
happy	0.002	0.000	0.000	0.914	0.004	0.000	0.079
happy	0.003	0.000	0.000	0.936	0.003	0.000	0.058
happy	0.004	0.000	0.000	0.873	0.005	0.000	0.118
happy	0.002	0.000	0.000	0.849	0.007	0.000	0.141
neutral	0.017	0.000	0.002	0.449	0.051	0.000	0.480
happy	0.017	0.000	0.001	0.549	0.037	0.000	0.395
neutral	0.011	0.000	0.001	0.441	0.026	0.000	0.520
happy	0.010	0.000	0.001	0.607	0.020	0.000	0.361
happy	0.014	0.000	0.001	0.551	0.026	0.001	0.407
neutral	0.014	0.000	0.002	0.470	0.032	0.000	0.481
happy	0.006	0.000	0.001	0.656	0.014	0.001	0.323
neutral	0.016	0.000	0.003	0.279	0.033	0.001	0.668
happy	0.015	0.000	0.002	0.520	0.023	0.001	0.439
neutral	0.014	0.000	0.002	0.434	0.023	0.002	0.525
neutral	0.011	0.000	0.002	0.473	0.026	0.001	0.487
neutral	0.016	0.000	0.002	0.475	0.023	0.001	0.483
happy	0.012	0.000	0.002	0.536	0.027	0.001	0.422
happy	0.010	0.000	0.002	0.528	0.025	0.001	0.434
happy	0.012	0.000	0.002	0.494	0.022	0.001	0.470
neutral	0.017	0.000	0.003	0.371	0.025	0.001	0.583
happy	0.012	0.000	0.001	0.608	0.015	0.001	0.363
neutral	0.019	0.000	0.002	0.443	0.038	0.000	0.498
happy	0.011	0.000	0.001	0.559	0.021	0.001	0.407
happy	0.013	0.000	0.002	0.518	0.025	0.001	0.442
happy	0.009	0.000	0.002	0.657	0.015	0.001	0.316
happy	0.009	0.000	0.002	0.731	0.011	0.002	0.246
neutral	0.012	0.000	0.003	0.444	0.020	0.002	0.519
happy	0.007	0.000	0.002	0.525	0.011	0.002	0.452
happy	0.006	0.000	0.003	0.539	0.012	0.004	0.436
neutral	0.014	0.000	0.009	0.094	0.041	0.002	0.840
neutral	0.007	0.000	0.010	0.140	0.037	0.005	0.800
neutral	0.017	0.000	0.012	0.255	0.049	0.004	0.662
neutral	0.008	0.000	0.005	0.415	0.027	0.004	0.540
neutral	0.017	0.000	0.010	0.181	0.056	0.002	0.734
neutral	0.009	0.000	0.004	0.439	0.024	0.004	0.520
neutral	0.012	0.000	0.005	0.248	0.040	0.003	0.692
neutral	0.012	0.000	0.006	0.264	0.040	0.004	0.674
neutral	0.015	0.000	0.008	0.168	0.051	0.002	0.756
neutral	0.010	0.000	0.005	0.260	0.029	0.003	0.693
neutral	0.009	0.000	0.008	0.268	0.050	0.005	0.660
neutral	0.018	0.000	0.010	0.136	0.054	0.002	0.780
neutral	0.008	0.000	0.004	0.286	0.020	0.003	0.678
neutral	0.006	0.000	0.004	0.445	0.012	0.005	0.527
neutral	0.007	0.000	0.003	0.356	0.015	0.003	0.616
happy	0.005	0.000	0.002	0.640	0.008	0.003	0.343
neutral	0.010	0.000	0.002	0.443	0.015	0.002	0.528
neutral	0.011	0.000	0.007	0.281	0.052	0.002	0.647
happy	0.009	0.000	0.003	0.555	0.016	0.004	0.413
neutral	0.013	0.000	0.002	0.419	0.017	0.001	0.547
happy	0.007	0.000	0.001	0.669	0.008	0.001	0.313
happy	0.008	0.000	0.001	0.651	0.010	0.001	0.329
neutral	0.009	0.000	0.002	0.428	0.015	0.001	0.545
neutral	0.018	0.000	0.003	0.290	0.027	0.001	0.661
neutral	0.008	0.000	0.001	0.354	0.015	0.001	0.621
neutral	0.010	0.000	0.001	0.401	0.015	0.001	0.572
neutral	0.019	0.000	0.001	0.431	0.022	0.001	0.525
neutral	0.011	0.000	0.001	0.452	0.019	0.001	0.515
happy	0.006	0.000	0.001	0.609	0.008	0.001	0.376
happy	0.006	0.000	0.001	0.585	0.009	0.001	0.397
neutral	0.009	0.000	0.001	0.480	0.014	0.000	0.495
happy	0.008	0.000	0.001	0.538	0.014	0.001	0.438
happy	0.008	0.000	0.001	0.587	0.011	0.001	0.393
happy	0.006	0.000	0.001	0.691	0.009	0.001	0.292
happy	0.005	0.000	0.000	0.778	0.008	0.001	0.209
happy	0.004	0.000	0.000	0.795	0.005	0.000	0.195
happy	0.003	0.000	0.000	0.808	0.005	0.000	0.183
happy	0.006	0.000	0.001	0.767	0.007	0.001	0.220
happy	0.006	0.000	0.001	0.703	0.009	0.001	0.281
happy	0.014	0.000	0.001	0.531	0.015	0.001	0.438
happy	0.015	0.000	0.001	0.519	0.016	0.001	0.448
happy	0.005	0.000	0.001	0.771	0.008	0.001	0.215
happy	0.003	0.000	0.000	0.766	0.005	0.000	0.226
happy	0.004	0.000	0.000	0.781	0.007	0.001	0.207
happy	0.007	0.000	0.001	0.686	0.009	0.001	0.297
happy	0.017	0.000	0.002	0.500	0.022	0.001	0.458
happy	0.012	0.000	0.001	0.642	0.015	0.001	0.329
happy	0.010	0.000	0.001	0.647	0.011	0.001	0.331
happy	0.006	0.000	0.000	0.786	0.008	0.001	0.199
happy	0.019	0.000	0.001	0.522	0.025	0.001	0.433
happy	0.014	0.000	0.001	0.617	0.015	0.001	0.352
happy	0.005	0.000	0.000	0.767	0.008	0.001	0.219
happy	0.005	0.000	0.001	0.742	0.008	0.001	0.244
happy	0.007	0.000	0.001	0.548	0.013	0.000	0.431
happy	0.006	0.000	0.001	0.725	0.009	0.001	0.259
happy	0.011	0.000	0.001	0.530	0.014	0.001	0.443
happy	0.013	0.000	0.001	0.531	0.016	0.001	0.438
happy	0.007	0.000	0.000	0.626	0.011	0.000	0.356
happy	0.006	0.000	0.001	0.700	0.009	0.001	0.284
happy	0.011	0.000	0.001	0.539	0.013	0.001	0.435
happy	0.010	0.000	0.001	0.525	0.013	0.001	0.451
happy	0.003	0.000	0.000	0.868	0.004	0.000	0.125
neutral	0.010	0.000	0.001	0.459	0.013	0.001	0.516
happy	0.006	0.000	0.001	0.677	0.007	0.000	0.308
happy	0.004	0.000	0.000	0.735	0.006	0.000	0.255
happy	0.005	0.000	0.000	0.785	0.006	0.000	0.203
happy	0.006	0.000	0.000	0.722	0.009	0.000	0.262
happy	0.011	0.000	0.001	0.549	0.013	0.000	0.426
happy	0.004	0.000	0.000	0.753	0.006	0.000	0.237
happy	0.007	0.000	0.001	0.646	0.008	0.001	0.337
happy	0.007	0.000	0.001	0.719	0.008	0.001	0.266
neutral	0.011	0.000	0.001	0.454	0.018	0.001	0.516
happy	0.005	0.000	0.000	0.827	0.006	0.000	0.162
happy	0.006	0.000	0.001	0.656	0.010	0.001	0.326
neutral	0.010	0.000	0.001	0.470	0.015	0.001	0.503
happy	0.007	0.000	0.001	0.666	0.008	0.000	0.318
happy	0.007	0.000	0.001	0.764	0.007	0.000	0.221
happy	0.004	0.000	0.000	0.766	0.006	0.000	0.224
neutral	0.011	0.000	0.001	0.310	0.026	0.000	0.651
happy	0.005	0.000	0.001	0.578	0.013	0.000	0.404
happy	0.005	0.000	0.000	0.691	0.008	0.000	0.296
happy	0.004	0.000	0.000	0.804	0.005	0.000	0.186
happy	0.011	0.000	0.001	0.603	0.013	0.000	0.371
happy	0.005	0.000	0.001	0.636	0.009	0.000	0.349
happy	0.005	0.000	0.001	0.626	0.010	0.000	0.358
happy	0.007	0.000	0.001	0.599	0.012	0.000	0.382
happy	0.011	0.000	0.001	0.495	0.016	0.000	0.477
happy	0.009	0.000	0.001	0.625	0.012	0.000	0.352
happy	0.009	0.000	0.001	0.546	0.012	0.001	0.431
happy	0.010	0.000	0.001	0.487	0.021	0.001	0.481
happy	0.007	0.000	0.001	0.664	0.009	0.000	0.319
happy	0.006	0.000	0.001	0.684	0.009	0.000	0.299
neutral	0.010	0.000	0.002	0.385	0.022	0.001	0.580
happy	0.007	0.000	0.001	0.707	0.009	0.001	0.276
neutral	0.026	0.000	0.002	0.332	0.030	0.001	0.610
happy	0.012	0.000	0.001	0.599	0.015	0.000	0.374
happy	0.006	0.000	0.000	0.624	0.008	0.000	0.361
happy	0.005	0.000	0.001	0.702	0.008	0.000	0.284
happy	0.006	0.000	0.001	0.572	0.012	0.000	0.408
happy	0.006	0.000	0.001	0.574	0.010	0.000	0.408
happy	0.005	0.000	0.001	0.736	0.007	0.000	0.251
happy	0.006	0.000	0.001	0.519	0.011	0.000	0.463
happy	0.009	0.000	0.001	0.608	0.010	0.001	0.371
happy	0.007	0.000	0.001	0.627	0.009	0.001	0.356
happy	0.008	0.000	0.001	0.546	0.018	0.001	0.425
happy	0.008	0.000	0.001	0.569	0.014	0.001	0.407
happy	0.020	0.000	0.001	0.524	0.030	0.000	0.424
happy	0.009	0.000	0.002	0.488	0.018	0.001	0.483
happy	0.007	0.000	0.001	0.588	0.013	0.001	0.390
neutral	0.009	0.000	0.001	0.477	0.016	0.001	0.496
neutral	0.009	0.000	0.001	0.481	0.013	0.001	0.494
happy	0.006	0.000	0.000	0.760	0.006	0.000	0.227
happy	0.004	0.000	0.000	0.818	0.004	0.000	0.174
happy	0.015	0.000	0.002	0.529	0.030	0.001	0.424
happy	0.004	0.000	0.001	0.752	0.007	0.000	0.236
happy	0.014	0.000	0.002	0.666	0.018	0.001	0.298
happy	0.015	0.000	0.001	0.736	0.015	0.000	0.232
happy	0.007	0.000	0.001	0.712	0.009	0.001	0.271
happy	0.011	0.000	0.001	0.611	0.017	0.001	0.359
happy	0.017	0.000	0.001	0.526	0.026	0.000	0.428
neutral	0.024	0.000	0.002	0.454	0.042	0.001	0.477
neutral	0.008	0.000	0.002	0.288	0.018	0.000	0.683
neutral	0.020	0.000	0.004	0.143	0.052	0.001	0.781
neutral	0.022	0.000	0.004	0.384	0.046	0.001	0.543
happy	0.009	0.000	0.001	0.695	0.006	0.001	0.288
happy	0.007	0.000	0.001	0.627	0.008	0.001	0.354
happy	0.008	0.000	0.002	0.679	0.009	0.001	0.301
happy	0.006	0.000	0.001	0.828	0.007	0.001	0.157
happy	0.006	0.000	0.001	0.826	0.004	0.001	0.162
happy	0.005	0.000	0.001	0.861	0.004	0.002	0.127
happy	0.010	0.000	0.001	0.778	0.007	0.001	0.203
happy	0.007	0.000	0.001	0.754	0.005	0.001	0.233
happy	0.008	0.000	0.001	0.703	0.011	0.002	0.275
happy	0.008	0.000	0.001	0.553	0.019	0.001	0.419
happy	0.008	0.000	0.001	0.569	0.018	0.001	0.402
happy	0.006	0.000	0.001	0.812	0.014	0.003	0.163
happy	0.007	0.000	0.001	0.730	0.015	0.003	0.244
happy	0.009	0.000	0.002	0.715	0.014	0.003	0.258
happy	0.005	0.000	0.001	0.833	0.009	0.002	0.150
happy	0.006	0.000	0.001	0.784	0.009	0.002	0.197
happy	0.007	0.000	0.001	0.670	0.010	0.002	0.310
happy	0.004	0.000	0.001	0.866	0.009	0.003	0.116
happy	0.011	0.000	0.001	0.487	0.029	0.001	0.471
neutral	0.008	0.000	0.002	0.441	0.032	0.001	0.516
happy	0.004	0.000	0.001	0.728	0.011	0.003	0.253
happy	0.004	0.000	0.001	0.763	0.009	0.002	0.222
happy	0.004	0.000	0.001	0.538	0.009	0.002	0.446
happy	0.005	0.000	0.001	0.584	0.013	0.003	0.394
neutral	0.004	0.000	0.001	0.484	0.008	0.001	0.502
happy	0.004	0.000	0.000	0.663	0.006	0.002	0.325
happy	0.005	0.000	0.001	0.669	0.013	0.004	0.307
neutral	0.006	0.000	0.001	0.482	0.010	0.002	0.500
happy	0.004	0.000	0.000	0.518	0.007	0.001	0.470
happy	0.004	0.000	0.001	0.743	0.007	0.001	0.244
happy	0.006	0.000	0.000	0.595	0.011	0.001	0.386
happy	0.007	0.000	0.001	0.594	0.010	0.002	0.387
happy	0.006	0.000	0.001	0.598	0.009	0.001	0.385
happy	0.004	0.000	0.001	0.622	0.010	0.001	0.362
happy	0.004	0.000	0.001	0.749	0.007	0.002	0.237
happy	0.007	0.000	0.001	0.541	0.020	0.002	0.428
happy	0.005	0.000	0.001	0.538	0.014	0.001	0.441
happy	0.005	0.000	0.001	0.788	0.006	0.003	0.197
happy	0.006	0.000	0.001	0.572	0.011	0.002	0.408
happy	0.008	0.000	0.002	0.566	0.016	0.003	0.405
happy	0.006	0.000	0.001	0.649	0.016	0.004	0.324
happy	0.007	0.000	0.002	0.795	0.019	0.003	0.174
neutral	0.012	0.000	0.003	0.438	0.033	0.004	0.510
neutral	0.022	0.003	0.007	0.298	0.100	0.004	0.567
neutral	0.022	0.002	0.006	0.364	0.093	0.005	0.508
happy	0.019	0.001	0.004	0.454	0.068	0.007	0.447
happy	0.006	0.000	0.002	0.775	0.019	0.005	0.193
happy	0.004	0.000	0.001	0.815	0.007	0.002	0.171
happy	0.004	0.000	0.001	0.752	0.006	0.002	0.235
happy	0.004	0.000	0.001	0.707	0.015	0.003	0.270
neutral	0.007	0.000	0.001	0.403	0.015	0.001	0.573
happy	0.006	0.000	0.001	0.620	0.010	0.001	0.361
happy	0.010	0.000	0.003	0.633	0.020	0.003	0.331
happy	0.011	0.000	0.002	0.607	0.015	0.002	0.364
happy	0.006	0.000	0.001	0.792	0.009	0.002	0.189
happy	0.009	0.000	0.001	0.782	0.014	0.002	0.192
happy	0.009	0.000	0.001	0.633	0.012	0.001	0.344
happy	0.011	0.000	0.002	0.618	0.014	0.001	0.355
happy	0.004	0.000	0.000	0.723	0.004	0.000	0.268
happy	0.004	0.000	0.001	0.697	0.006	0.001	0.291
happy	0.005	0.000	0.001	0.710	0.005	0.001	0.279
happy	0.006	0.000	0.001	0.653	0.006	0.001	0.334
happy	0.003	0.000	0.000	0.747	0.005	0.001	0.244
happy	0.003	0.000	0.000	0.738	0.005	0.000	0.253
neutral	0.106	0.001	0.015	0.053	0.129	0.015	0.682
happy	0.015	0.000	0.001	0.687	0.021	0.001	0.274
happy	0.004	0.000	0.000	0.774	0.007	0.001	0.213
happy	0.005	0.000	0.001	0.845	0.004	0.003	0.143
happy	0.003	0.000	0.001	0.848	0.004	0.002	0.142
happy	0.005	0.000	0.001	0.816	0.007	0.004	0.167
happy	0.006	0.000	0.001	0.821	0.009	0.006	0.156
happy	0.009	0.000	0.002	0.674	0.009	0.004	0.302
happy	0.006	0.000	0.001	0.851	0.005	0.002	0.135
happy	0.013	0.000	0.003	0.578	0.012	0.002	0.392
happy	0.002	0.000	0.000	0.901	0.001	0.001	0.095
happy	0.003	0.000	0.000	0.887	0.002	0.001	0.106
happy	0.011	0.000	0.001	0.624	0.009	0.001	0.354
angry	0.316	0.005	0.034	0.063	0.291	0.020	0.271
happy	0.011	0.000	0.002	0.489	0.012	0.001	0.485
happy	0.006	0.000	0.001	0.787	0.009	0.000	0.197
happy	0.008	0.000	0.001	0.787	0.008	0.002	0.194
happy	0.004	0.000	0.001	0.875	0.008	0.001	0.112
happy	0.008	0.000	0.001	0.717	0.006	0.001	0.268
happy	0.004	0.000	0.001	0.801	0.005	0.001	0.189
happy	0.003	0.000	0.001	0.815	0.004	0.001	0.176
happy	0.002	0.000	0.000	0.872	0.003	0.001	0.122
happy	0.004	0.000	0.001	0.745	0.006	0.001	0.243
happy	0.002	0.000	0.000	0.807	0.004	0.001	0.186
happy	0.002	0.000	0.000	0.870	0.004	0.000	0.123
happy	0.002	0.000	0.000	0.833	0.005	0.000	0.159
happy	0.005	0.000	0.001	0.644	0.010	0.001	0.340
happy	0.005	0.000	0.001	0.580	0.010	0.001	0.402
happy	0.004	0.000	0.001	0.827	0.005	0.001	0.163
happy	0.006	0.000	0.001	0.790	0.009	0.001	0.193
happy	0.008	0.000	0.002	0.757	0.014	0.002	0.217
happy	0.010	0.000	0.002	0.596	0.019	0.001	0.371
happy	0.010	0.000	0.002	0.519	0.017	0.001	0.451
happy	0.006	0.000	0.002	0.644	0.015	0.002	0.332
neutral	0.023	0.000	0.007	0.272	0.063	0.001	0.634
happy	0.007	0.000	0.002	0.648	0.036	0.001	0.305
happy	0.008	0.000	0.004	0.472	0.060	0.001	0.454
happy	0.005	0.000	0.002	0.653	0.013	0.002	0.326
happy	0.003	0.000	0.001	0.605	0.018	0.001	0.371
happy	0.005	0.000	0.002	0.695	0.007	0.004	0.287
happy	0.005	0.000	0.002	0.696	0.014	0.002	0.281
happy	0.005	0.000	0.002	0.662	0.017	0.002	0.312
neutral	0.007	0.000	0.004	0.473	0.016	0.001	0.498
happy	0.005	0.000	0.002	0.582	0.009	0.001	0.401
neutral	0.006	0.000	0.003	0.448	0.018	0.001	0.524
happy	0.001	0.000	0.000	0.855	0.004	0.001	0.139
happy	0.001	0.000	0.000	0.810	0.006	0.000	0.182
happy	0.005	0.000	0.001	0.557	0.015	0.001	0.420
happy	0.004	0.000	0.001	0.601	0.013	0.001	0.379
happy	0.003	0.000	0.001	0.691	0.007	0.001	0.297
happy	0.002	0.000	0.001	0.858	0.006	0.001	0.132
happy	0.002	0.000	0.000	0.825	0.007	0.001	0.165
happy	0.002	0.000	0.001	0.806	0.005	0.001	0.186
happy	0.002	0.000	0.001	0.819	0.008	0.001	0.170
happy	0.003	0.000	0.001	0.744	0.010	0.001	0.241
happy	0.003	0.000	0.001	0.852	0.006	0.001	0.138
happy	0.002	0.000	0.001	0.867	0.007	0.001	0.122
happy	0.002	0.000	0.000	0.878	0.006	0.000	0.113
happy	0.002	0.000	0.001	0.862	0.007	0.001	0.128
happy	0.002	0.000	0.001	0.777	0.007	0.001	0.213
happy	0.003	0.000	0.001	0.816	0.009	0.001	0.170
happy	0.002	0.000	0.001	0.848	0.007	0.001	0.142
happy	0.003	0.000	0.002	0.761	0.013	0.001	0.220
happy	0.003	0.000	0.001	0.774	0.010	0.001	0.210
happy	0.003	0.000	0.001	0.626	0.008	0.002	0.360
happy	0.002	0.000	0.001	0.858	0.006	0.001	0.132
happy	0.003	0.000	0.001	0.802	0.007	0.001	0.186
happy	0.002	0.000	0.001	0.822	0.007	0.001	0.167
happy	0.002	0.000	0.001	0.851	0.007	0.001	0.139
happy	0.004	0.000	0.002	0.739	0.015	0.001	0.239
happy	0.002	0.000	0.001	0.761	0.009	0.002	0.225
happy	0.002	0.000	0.001	0.569	0.009	0.001	0.417
happy	0.003	0.000	0.001	0.694	0.010	0.001	0.291
happy	0.004	0.000	0.002	0.576	0.013	0.001	0.404
happy	0.004	0.000	0.002	0.746	0.011	0.002	0.236
happy	0.001	0.000	0.000	0.896	0.003	0.001	0.099
happy	0.002	0.000	0.001	0.709	0.009	0.001	0.277
happy	0.002	0.000	0.001	0.814	0.007	0.001	0.175
happy	0.003	0.000	0.001	0.809	0.008	0.001	0.178
happy	0.003	0.000	0.001	0.789	0.008	0.001	0.199
happy	0.004	0.000	0.001	0.715	0.012	0.002	0.265
happy	0.004	0.000	0.001	0.756	0.010	0.001	0.227
happy	0.005	0.000	0.002	0.797	0.021	0.001	0.173
happy	0.005	0.000	0.001	0.854	0.012	0.001	0.128
happy	0.002	0.000	0.001	0.858	0.005	0.001	0.133
happy	0.003	0.000	0.001	0.742	0.009	0.001	0.244
happy	0.003	0.000	0.001	0.832	0.006	0.001	0.157
happy	0.005	0.000	0.001	0.650	0.015	0.001	0.327
happy	0.002	0.000	0.001	0.785	0.008	0.001	0.202
happy	0.004	0.000	0.001	0.725	0.012	0.002	0.256
