prediction	angry	disgust	fear	happy	sad	surprise	neutral
neutral	0.013	0.000	0.003	0.017	0.020	0.000	0.947
neutral	0.005	0.000	0.001	0.045	0.006	0.002	0.940
neutral	0.008	0.000	0.001	0.060	0.006	0.003	0.921
neutral	0.003	0.000	0.002	0.080	0.010	0.001	0.904
neutral	0.006	0.000	0.001	0.052	0.008	0.001	0.932
neutral	0.006	0.000	0.001	0.052	0.008	0.001	0.932
neutral	0.004	0.000	0.001	0.021	0.011	0.000	0.962
neutral	0.011	0.000	0.001	0.062	0.013	0.001	0.912
neutral	0.004	0.000	0.000	0.151	0.004	0.001	0.841
neutral	0.005	0.000	0.001	0.298	0.006	0.007	0.683
neutral	0.005	0.000	0.005	0.179	0.006	0.032	0.772
neutral	0.005	0.000	0.005	0.084	0.008	0.020	0.877
neutral	0.004	0.000	0.004	0.244	0.012	0.032	0.703
neutral	0.006	0.000	0.005	0.061	0.013	0.030	0.885
neutral	0.003	0.000	0.002	0.134	0.006	0.010	0.845
neutral	0.003	0.000	0.003	0.064	0.006	0.005	0.920
neutral	0.007	0.000	0.003	0.051	0.014	0.002	0.924
neutral	0.007	0.000	0.003	0.019	0.007	0.004	0.960
neutral	0.013	0.000	0.008	0.102	0.009	0.008	0.859
neutral	0.015	0.000	0.009	0.019	0.014	0.010	0.934
neutral	0.021	0.000	0.007	0.030	0.009	0.006	0.926
neutral	0.018	0.000	0.007	0.033	0.025	0.004	0.913
neutral	0.046	0.000	0.010	0.077	0.032	0.003	0.832
neutral	0.088	0.001	0.017	0.215	0.033	0.003	0.644
neutral	0.023	0.000	0.008	0.462	0.015	0.006	0.486
neutral	0.012	0.000	0.008	0.247	0.022	0.005	0.706
neutral	0.026	0.000	0.007	0.138	0.058	0.000	0.771
neutral	0.033	0.000	0.009	0.074	0.073	0.000	0.811
neutral	0.036	0.000	0.004	0.041	0.031	0.001	0.888
neutral	0.030	0.001	0.005	0.068	0.046	0.000	0.850
neutral	0.092	0.001	0.010	0.100	0.080	0.001	0.715
neutral	0.111	0.000	0.011	0.062	0.098	0.001	0.717
neutral	0.165	0.001	0.005	0.225	0.061	0.000	0.543
neutral	0.153	0.000	0.020	0.063	0.081	0.002	0.681
neutral	0.187	0.000	0.010	0.037	0.063	0.000	0.703
neutral	0.089	0.000	0.007	0.059	0.068	0.001	0.777
neutral	0.167	0.000	0.024	0.043	0.113	0.002	0.651
neutral	0.209	0.000	0.015	0.063	0.106	0.001	0.605
neutral	0.151	0.000	0.010	0.023	0.078	0.000	0.737
neutral	0.173	0.000	0.010	0.051	0.092	0.002	0.672
neutral	0.102	0.001	0.007	0.107	0.071	0.000	0.711
neutral	0.126	0.000	0.013	0.043	0.100	0.001	0.716
neutral	0.115	0.000	0.032	0.089	0.105	0.004	0.654
neutral	0.081	0.000	0.011	0.153	0.053	0.003	0.698
neutral	0.123	0.000	0.022	0.098	0.094	0.003	0.660
neutral	0.084	0.001	0.021	0.088	0.100	0.002	0.704
neutral	0.050	0.001	0.014	0.222	0.048	0.007	0.659
neutral	0.010	0.000	0.007	0.126	0.023	0.003	0.830
neutral	0.049	0.000	0.012	0.212	0.030	0.007	0.689
neutral	0.036	0.001	0.008	0.308	0.009	0.008	0.630
neutral	0.049	0.000	0.010	0.173	0.033	0.005	0.730
neutral	0.116	0.001	0.022	0.355	0.022	0.009	0.475
neutral	0.069	0.000	0.014	0.165	0.052	0.004	0.695
neutral	0.062	0.000	0.011	0.191	0.028	0.004	0.704
neutral	0.107	0.001	0.013	0.200	0.040	0.005	0.634
neutral	0.057	0.000	0.014	0.153	0.039	0.007	0.731
neutral	0.058	0.000	0.009	0.154	0.035	0.004	0.739
neutral	0.026	0.000	0.010	0.174	0.027	0.010	0.753
neutral	0.050	0.000	0.012	0.186	0.032	0.002	0.718
neutral	0.031	0.000	0.008	0.133	0.037	0.003	0.788
neutral	0.022	0.000	0.009	0.053	0.028	0.002	0.887
neutral	0.057	0.000	0.015	0.118	0.035	0.003	0.772
neutral	0.066	0.000	0.009	0.081	0.046	0.002	0.796
neutral	0.043	0.000	0.009	0.077	0.033	0.002	0.836
neutral	0.013	0.000	0.010	0.058	0.031	0.003	0.884
neutral	0.025	0.000	0.015	0.025	0.069	0.001	0.864
neutral	0.029	0.001	0.017	0.043	0.052	0.001	0.858
neutral	0.027	0.000	0.018	0.035	0.058	0.002	0.861
neutral	0.043	0.000	0.017	0.079	0.042	0.002	0.817
neutral	0.030	0.000	0.015	0.047	0.040	0.002	0.866
neutral	0.030	0.000	0.010	0.046	0.031	0.004	0.879
neutral	0.047	0.000	0.011	0.033	0.050	0.001	0.859
neutral	0.031	0.000	0.007	0.019	0.033	0.001	0.908
neutral	0.028	0.000	0.011	0.037	0.044	0.001	0.879
neutral	0.016	0.000	0.006	0.014	0.023	0.002	0.939
neutral	0.019	0.000	0.006	0.032	0.047	0.001	0.895
neutral	0.026	0.001	0.019	0.057	0.084	0.002	0.812
neutral	0.013	0.001	0.015	0.020	0.047	0.002	0.903
neutral	0.052	0.000	0.020	0.107	0.074	0.002	0.746
neutral	0.011	0.000	0.005	0.023	0.040	0.001	0.919
neutral	0.016	0.000	0.006	0.028	0.036	0.001	0.912
neutral	0.007	0.000	0.004	0.046	0.023	0.001	0.919
neutral	0.010	0.000	0.007	0.024	0.032	0.001	0.926
neutral	0.008	0.000	0.009	0.010	0.043	0.001	0.929
neutral	0.004	0.000	0.004	0.014	0.034	0.000	0.944
neutral	0.008	0.000	0.003	0.026	0.021	0.001	0.942
neutral	0.004	0.000	0.002	0.065	0.036	0.000	0.893
neutral	0.013	0.000	0.010	0.088	0.056	0.002	0.830
neutral	0.006	0.000	0.002	0.061	0.032	0.001	0.897
neutral	0.014	0.000	0.003	0.143	0.044	0.001	0.795
neutral	0.013	0.000	0.005	0.247	0.049	0.002	0.685
neutral	0.018	0.000	0.006	0.133	0.077	0.001	0.765
neutral	0.006	0.000	0.002	0.131	0.032	0.001	0.829
neutral	0.006	0.000	0.003	0.050	0.031	0.001	0.909
neutral	0.002	0.000	0.002	0.031	0.010	0.001	0.954
neutral	0.007	0.000	0.005	0.082	0.061	0.001	0.845
neutral	0.017	0.001	0.010	0.059	0.058	0.004	0.850
neutral	0.002	0.000	0.003	0.021	0.012	0.002	0.960
neutral	0.006	0.000	0.004	0.012	0.015	0.002	0.960
neutral	0.007	0.000	0.010	0.039	0.036	0.002	0.907
neutral	0.010	0.000	0.008	0.013	0.040	0.000	0.929
neutral	0.023	0.000	0.008	0.016	0.077	0.000	0.876
neutral	0.040	0.000	0.004	0.010	0.060	0.000	0.886
neutral	0.037	0.000	0.008	0.009	0.092	0.000	0.854
neutral	0.037	0.000	0.008	0.009	0.092	0.000	0.855
neutral	0.076	0.000	0.013	0.020	0.083	0.001	0.807
neutral	0.084	0.000	0.015	0.021	0.066	0.001	0.813
neutral	0.148	0.000	0.015	0.027	0.046	0.001	0.763
neutral	0.042	0.000	0.014	0.018	0.099	0.000	0.826
neutral	0.022	0.000	0.018	0.034	0.116	0.001	0.808
neutral	0.005	0.000	0.004	0.032	0.026	0.000	0.931
neutral	0.006	0.000	0.005	0.066	0.029	0.000	0.893
neutral	0.004	0.000	0.005	0.014	0.054	0.000	0.923
neutral	0.003	0.000	0.002	0.028	0.016	0.001	0.951
neutral	0.031	0.000	0.020	0.048	0.169	0.005	0.728
neutral	0.053	0.002	0.007	0.021	0.165	0.001	0.752
neutral	0.022	0.000	0.002	0.025	0.045	0.001	0.905
neutral	0.022	0.000	0.004	0.015	0.091	0.001	0.868
neutral	0.008	0.001	0.006	0.018	0.082	0.001	0.884
neutral	0.008	0.004	0.007	0.013	0.092	0.001	0.874
neutral	0.004	0.000	0.008	0.006	0.049	0.002	0.932
neutral	0.005	0.000	0.009	0.006	0.046	0.003	0.931
neutral	0.006	0.000	0.009	0.009	0.053	0.003	0.921
neutral	0.005	0.000	0.006	0.010	0.049	0.001	0.930
neutral	0.004	0.000	0.007	0.010	0.047	0.002	0.931
neutral	0.003	0.001	0.004	0.018	0.041	0.001	0.932
neutral	0.009	0.001	0.013	0.032	0.127	0.002	0.816
neutral	0.002	0.000	0.005	0.021	0.050	0.001	0.921
neutral	0.003	0.000	0.006	0.023	0.055	0.001	0.913
neutral	0.002	0.000	0.005	0.006	0.038	0.001	0.948
neutral	0.003	0.000	0.005	0.009	0.050	0.002	0.932
neutral	0.007	0.000	0.008	0.006	0.061	0.001	0.918
neutral	0.007	0.000	0.008	0.009	0.050	0.001	0.926
neutral	0.010	0.000	0.010	0.010	0.078	0.000	0.891
neutral	0.003	0.000	0.002	0.017	0.015	0.000	0.963
neutral	0.006	0.000	0.002	0.020	0.016	0.001	0.955
neutral	0.010	0.000	0.004	0.030	0.048	0.001	0.907
neutral	0.014	0.000	0.004	0.063	0.044	0.001	0.874
neutral	0.012	0.000	0.002	0.016	0.034	0.000	0.937
neutral	0.012	0.000	0.002	0.011	0.030	0.000	0.945
neutral	0.003	0.000	0.001	0.008	0.008	0.000	0.979
neutral	0.009	0.000	0.002	0.009	0.027	0.000	0.953
sad	0.183	0.004	0.181	0.102	0.374	0.004	0.153
neutral	0.003	0.000	0.002	0.009	0.016	0.000	0.969
neutral	0.023	0.000	0.007	0.005	0.175	0.000	0.790
neutral	0.038	0.000	0.016	0.006	0.211	0.000	0.728
neutral	0.009	0.000	0.002	0.006	0.030	0.000	0.953
neutral	0.020	0.000	0.005	0.007	0.039	0.000	0.929
neutral	0.021	0.000	0.005	0.007	0.043	0.000	0.924
neutral	0.012	0.000	0.003	0.003	0.018	0.000	0.963
neutral	0.018	0.000	0.007	0.035	0.019	0.001	0.920
neutral	0.024	0.000	0.009	0.032	0.029	0.001	0.904
neutral	0.015	0.000	0.003	0.017	0.018	0.001	0.946
neutral	0.016	0.000	0.008	0.025	0.024	0.001	0.926
neutral	0.010	0.000	0.005	0.016	0.017	0.002	0.951
neutral	0.014	0.000	0.009	0.011	0.063	0.001	0.904
neutral	0.015	0.000	0.008	0.016	0.035	0.002	0.924
neutral	0.007	0.000	0.007	0.008	0.025	0.002	0.951
neutral	0.008	0.000	0.005	0.010	0.018	0.002	0.957
neutral	0.011	0.000	0.010	0.022	0.026	0.003	0.927
neutral	0.014	0.000	0.019	0.027	0.085	0.008	0.847
neutral	0.026	0.000	0.022	0.020	0.077	0.021	0.835
neutral	0.011	0.000	0.005	0.016	0.027	0.003	0.938
neutral	0.013	0.000	0.020	0.020	0.060	0.005	0.882
neutral	0.007	0.000	0.008	0.029	0.029	0.009	0.917
neutral	0.013	0.000	0.002	0.019	0.020	0.002	0.945
neutral	0.014	0.000	0.005	0.050	0.035	0.001	0.896
neutral	0.016	0.001	0.017	0.082	0.066	0.050	0.767
neutral	0.007	0.000	0.010	0.273	0.037	0.014	0.658
neutral	0.022	0.000	0.018	0.422	0.086	0.011	0.440
neutral	0.010	0.000	0.005	0.327	0.032	0.004	0.622
neutral	0.005	0.001	0.006	0.199	0.023	0.006	0.760
neutral	0.004	0.000	0.004	0.078	0.020	0.002	0.893
neutral	0.011	0.000	0.004	0.034	0.031	0.001	0.919
neutral	0.010	0.000	0.009	0.054	0.041	0.006	0.881
neutral	0.010	0.000	0.003	0.031	0.030	0.001	0.925
neutral	0.007	0.000	0.004	0.033	0.020	0.002	0.934
neutral	0.009	0.001	0.006	0.141	0.019	0.008	0.816
neutral	0.009	0.000	0.006	0.180	0.027	0.006	0.771
neutral	0.011	0.000	0.002	0.019	0.030	0.001	0.938
neutral	0.004	0.000	0.003	0.085	0.015	0.004	0.890
neutral	0.006	0.000	0.006	0.119	0.033	0.002	0.834
neutral	0.034	0.003	0.021	0.237	0.137	0.005	0.564
neutral	0.052	0.003	0.063	0.197	0.276	0.030	0.379
neutral	0.042	0.005	0.138	0.145	0.239	0.170	0.261
neutral	0.034	0.000	0.024	0.102	0.066	0.018	0.754
neutral	0.017	0.001	0.028	0.055	0.133	0.022	0.744
neutral	0.017	0.003	0.028	0.099	0.092	0.021	0.740
neutral	0.048	0.004	0.082	0.093	0.256	0.076	0.441
sad	0.094	0.022	0.103	0.070	0.423	0.054	0.233
neutral	0.014	0.002	0.040	0.123	0.076	0.052	0.694
neutral	0.027	0.003	0.015	0.191	0.041	0.013	0.711
neutral	0.049	0.001	0.009	0.013	0.023	0.002	0.905
neutral	0.052	0.002	0.021	0.016	0.085	0.002	0.821
neutral	0.011	0.001	0.006	0.296	0.024	0.005	0.657
neutral	0.020	0.003	0.007	0.337	0.029	0.003	0.601
neutral	0.034	0.008	0.019	0.197	0.068	0.003	0.671
sad	0.097	0.000	0.116	0.254	0.381	0.001	0.150
neutral	0.015	0.001	0.004	0.172	0.023	0.002	0.784
sad	0.118	0.001	0.181	0.076	0.487	0.003	0.135
neutral	0.027	0.000	0.003	0.039	0.041	0.001	0.888
sad	0.115	0.001	0.160	0.069	0.500	0.001	0.154
neutral	0.021	0.002	0.005	0.414	0.016	0.022	0.521
sad	0.093	0.001	0.199	0.143	0.433	0.002	0.130
neutral	0.033	0.002	0.029	0.127	0.124	0.070	0.615
neutral	0.010	0.001	0.005	0.021	0.022	0.001	0.941
neutral	0.027	0.005	0.009	0.047	0.037	0.001	0.874
sad	0.153	0.001	0.213	0.172	0.349	0.002	0.111
neutral	0.017	0.001	0.008	0.054	0.032	0.003	0.885
neutral	0.038	0.001	0.006	0.023	0.058	0.001	0.872
sad	0.104	0.001	0.126	0.302	0.400	0.001	0.066
neutral	0.016	0.001	0.004	0.032	0.029	0.001	0.918
sad	0.140	0.001	0.220	0.127	0.363	0.003	0.147
happy	0.018	0.001	0.008	0.555	0.022	0.010	0.387
neutral	0.024	0.001	0.023	0.233	0.034	0.118	0.567
happy	0.023	0.002	0.015	0.572	0.048	0.008	0.333
neutral	0.012	0.000	0.011	0.084	0.040	0.016	0.836
neutral	0.041	0.000	0.005	0.007	0.088	0.003	0.856
neutral	0.009	0.001	0.007	0.022	0.040	0.002	0.918
neutral	0.015	0.000	0.010	0.008	0.061	0.000	0.906
neutral	0.023	0.001	0.030	0.011	0.129	0.001	0.805
neutral	0.017	0.000	0.008	0.009	0.040	0.001	0.925
sad	0.112	0.001	0.208	0.184	0.355	0.002	0.139
neutral	0.017	0.000	0.002	0.016	0.026	0.000	0.939
sad	0.120	0.001	0.220	0.167	0.311	0.002	0.179
neutral	0.018	0.000	0.003	0.031	0.027	0.001	0.920
sad	0.079	0.000	0.139	0.235	0.451	0.001	0.094
neutral	0.016	0.000	0.004	0.041	0.025	0.001	0.913
sad	0.120	0.000	0.137	0.045	0.532	0.001	0.165
neutral	0.011	0.000	0.005	0.030	0.030	0.001	0.923
happy	0.145	0.001	0.108	0.298	0.270	0.001	0.177
neutral	0.034	0.001	0.007	0.052	0.026	0.013	0.868
neutral	0.102	0.001	0.050	0.279	0.119	0.033	0.416
neutral	0.056	0.001	0.038	0.222	0.052	0.139	0.492
neutral	0.033	0.001	0.010	0.144	0.041	0.008	0.763
neutral	0.057	0.002	0.011	0.155	0.043	0.007	0.725
neutral	0.022	0.001	0.007	0.021	0.024	0.002	0.923
neutral	0.022	0.000	0.003	0.016	0.038	0.001	0.920
happy	0.064	0.000	0.092	0.416	0.336	0.001	0.089
neutral	0.032	0.000	0.002	0.031	0.032	0.001	0.902
neutral	0.031	0.001	0.018	0.197	0.050	0.057	0.646
sad	0.123	0.000	0.220	0.086	0.441	0.002	0.129
neutral	0.021	0.001	0.009	0.340	0.036	0.019	0.573
sad	0.133	0.001	0.113	0.123	0.484	0.002	0.145
neutral	0.015	0.000	0.007	0.252	0.024	0.028	0.674
neutral	0.018	0.000	0.005	0.018	0.038	0.002	0.919
sad	0.170	0.001	0.117	0.059	0.546	0.001	0.106
sad	0.115	0.000	0.145	0.029	0.597	0.001	0.112
neutral	0.007	0.000	0.003	0.022	0.029	0.002	0.937
neutral	0.014	0.000	0.005	0.325	0.045	0.003	0.607
neutral	0.024	0.000	0.003	0.122	0.030	0.001	0.819
neutral	0.041	0.000	0.005	0.154	0.073	0.003	0.724
neutral	0.065	0.001	0.004	0.137	0.069	0.005	0.719
sad	0.111	0.001	0.129	0.134	0.579	0.001	0.046
neutral	0.051	0.000	0.007	0.172	0.082	0.006	0.683
sad	0.135	0.001	0.161	0.138	0.512	0.001	0.052
neutral	0.043	0.001	0.006	0.038	0.076	0.001	0.834
sad	0.111	0.001	0.189	0.087	0.564	0.001	0.046
neutral	0.039	0.000	0.019	0.142	0.099	0.004	0.696
neutral	0.056	0.000	0.016	0.075	0.107	0.001	0.745
sad	0.089	0.002	0.118	0.131	0.625	0.001	0.034
neutral	0.042	0.000	0.017	0.115	0.121	0.002	0.703
neutral	0.038	0.000	0.010	0.116	0.092	0.001	0.743
neutral	0.033	0.000	0.009	0.114	0.096	0.001	0.747
sad	0.135	0.003	0.181	0.105	0.532	0.001	0.044
neutral	0.037	0.000	0.007	0.075	0.086	0.001	0.794
sad	0.102	0.002	0.170	0.127	0.549	0.001	0.048
neutral	0.051	0.000	0.010	0.053	0.131	0.002	0.754
neutral	0.028	0.000	0.008	0.088	0.071	0.001	0.804
neutral	0.022	0.000	0.007	0.117	0.060	0.001	0.793
neutral	0.041	0.000	0.007	0.079	0.085	0.001	0.787
neutral	0.027	0.000	0.006	0.103	0.063	0.001	0.801
neutral	0.048	0.000	0.026	0.080	0.193	0.002	0.652
neutral	0.030	0.000	0.008	0.125	0.058	0.002	0.777
neutral	0.021	0.000	0.016	0.077	0.087	0.001	0.798
neutral	0.026	0.000	0.008	0.136	0.052	0.003	0.775
neutral	0.019	0.000	0.013	0.079	0.051	0.001	0.836
neutral	0.012	0.000	0.012	0.031	0.043	0.001	0.900
neutral	0.027	0.000	0.014	0.033	0.066	0.001	0.859
neutral	0.106	0.000	0.015	0.042	0.119	0.000	0.717
angry	0.406	0.001	0.021	0.015	0.190	0.000	0.367
angry	0.512	0.001	0.041	0.033	0.171	0.000	0.241
neutral	0.211	0.001	0.050	0.170	0.115	0.001	0.453
neutral	0.005	0.000	0.008	0.019	0.021	0.002	0.946
neutral	0.001	0.000	0.002	0.039	0.005	0.005	0.948
neutral	0.003	0.000	0.006	0.037	0.030	0.003	0.920
neutral	0.003	0.000	0.004	0.022	0.015	0.001	0.955
neutral	0.006	0.000	0.013	0.016	0.026	0.002	0.937
neutral	0.013	0.000	0.011	0.026	0.036	0.002	0.911
neutral	0.002	0.000	0.010	0.017	0.018	0.002	0.951
neutral	0.007	0.000	0.009	0.019	0.017	0.001	0.946
neutral	0.003	0.000	0.008	0.010	0.015	0.001	0.963
neutral	0.011	0.000	0.012	0.023	0.028	0.002	0.922
neutral	0.017	0.000	0.009	0.005	0.044	0.000	0.925
neutral	0.031	0.000	0.011	0.007	0.096	0.000	0.856
neutral	0.113	0.000	0.013	0.005	0.120	0.000	0.748
neutral	0.146	0.000	0.008	0.005	0.088	0.000	0.752
neutral	0.059	0.000	0.008	0.004	0.091	0.000	0.837
neutral	0.092	0.000	0.018	0.007	0.205	0.000	0.678
neutral	0.040	0.000	0.006	0.004	0.056	0.000	0.895
neutral	0.087	0.000	0.009	0.007	0.079	0.000	0.817
neutral	0.073	0.000	0.011	0.008	0.063	0.000	0.846
neutral	0.065	0.000	0.011	0.009	0.072	0.000	0.843
neutral	0.043	0.000	0.005	0.003	0.029	0.000	0.919
neutral	0.066	0.000	0.011	0.005	0.109	0.000	0.809
neutral	0.052	0.001	0.008	0.011	0.053	0.000	0.875
neutral	0.048	0.000	0.012	0.003	0.128	0.000	0.809
neutral	0.033	0.000	0.008	0.004	0.044	0.000	0.910
neutral	0.072	0.000	0.008	0.005	0.052	0.001	0.862
neutral	0.040	0.000	0.009	0.015	0.049	0.001	0.886
neutral	0.096	0.000	0.009	0.008	0.070	0.001	0.816
neutral	0.111	0.000	0.008	0.007	0.074	0.000	0.799
neutral	0.107	0.000	0.007	0.004	0.059	0.000	0.822
neutral	0.089	0.000	0.007	0.004	0.051	0.001	0.849
neutral	0.079	0.000	0.006	0.007	0.049	0.000	0.860
neutral	0.053	0.000	0.005	0.004	0.045	0.000	0.892
neutral	0.101	0.000	0.006	0.004	0.052	0.000	0.836
neutral	0.104	0.000	0.005	0.007	0.048	0.000	0.836
neutral	0.117	0.000	0.007	0.007	0.063	0.000	0.804
neutral	0.098	0.000	0.007	0.011	0.070	0.001	0.812
neutral	0.074	0.000	0.008	0.014	0.054	0.001	0.848
neutral	0.050	0.001	0.004	0.007	0.030	0.000	0.908
neutral	0.038	0.000	0.008	0.004	0.044	0.000	0.904
neutral	0.039	0.000	0.008	0.008	0.043	0.000	0.903
neutral	0.052	0.000	0.006	0.005	0.052	0.001	0.885
neutral	0.060	0.000	0.010	0.005	0.065	0.000	0.859
neutral	0.038	0.000	0.006	0.005	0.053	0.000	0.896
neutral	0.085	0.000	0.008	0.005	0.063	0.000	0.839
neutral	0.053	0.000	0.014	0.008	0.088	0.000	0.838
neutral	0.074	0.000	0.005	0.004	0.059	0.000	0.858
neutral	0.134	0.001	0.010	0.005	0.069	0.001	0.780
neutral	0.157	0.001	0.014	0.010	0.081	0.001	0.736
neutral	0.142	0.000	0.017	0.008	0.086	0.001	0.747
neutral	0.121	0.000	0.008	0.030	0.059	0.002	0.781
neutral	0.214	0.001	0.022	0.015	0.090	0.001	0.658
neutral	0.188	0.001	0.012	0.023	0.057	0.001	0.719
neutral	0.050	0.001	0.023	0.014	0.064	0.001	0.847
neutral	0.028	0.000	0.004	0.007	0.016	0.000	0.945
neutral	0.017	0.000	0.009	0.019	0.031	0.002	0.923
neutral	0.008	0.000	0.003	0.010	0.016	0.000	0.962
neutral	0.004	0.000	0.004	0.006	0.025	0.000	0.961
angry	0.372	0.016	0.102	0.116	0.206	0.037	0.151
neutral	0.005	0.000	0.005	0.007	0.020	0.001	0.962
angry	0.346	0.031	0.095	0.149	0.286	0.033	0.060
neutral	0.009	0.000	0.011	0.015	0.063	0.000	0.902
neutral	0.004	0.000	0.007	0.008	0.047	0.000	0.933
neutral	0.006	0.000	0.008	0.008	0.031	0.001	0.946
neutral	0.008	0.000	0.011	0.005	0.030	0.002	0.944
neutral	0.008	0.000	0.013	0.005	0.032	0.001	0.939
sad	0.065	0.007	0.094	0.155	0.568	0.021	0.089
neutral	0.012	0.000	0.014	0.004	0.045	0.001	0.926
sad	0.071	0.009	0.125	0.161	0.540	0.030	0.064
neutral	0.039	0.000	0.014	0.002	0.055	0.000	0.889
sad	0.032	0.001	0.068	0.372	0.421	0.024	0.082
neutral	0.023	0.000	0.007	0.008	0.027	0.001	0.934
sad	0.045	0.001	0.061	0.274	0.521	0.015	0.080
neutral	0.100	0.000	0.014	0.012	0.134	0.000	0.740
neutral	0.067	0.000	0.012	0.007	0.109	0.000	0.805
neutral	0.055	0.000	0.008	0.005	0.078	0.000	0.854
neutral	0.063	0.000	0.011	0.006	0.107	0.000	0.813
neutral	0.077	0.000	0.007	0.004	0.088	0.000	0.824
neutral	0.092	0.000	0.010	0.003	0.121	0.000	0.774
neutral	0.069	0.000	0.016	0.006	0.093	0.000	0.816
neutral	0.101	0.000	0.029	0.004	0.144	0.000	0.722
neutral	0.011	0.000	0.014	0.010	0.016	0.001	0.949
neutral	0.044	0.000	0.018	0.008	0.053	0.000	0.876
happy	0.152	0.010	0.102	0.357	0.219	0.079	0.079
neutral	0.075	0.000	0.026	0.002	0.117	0.000	0.779
sad	0.098	0.033	0.128	0.253	0.262	0.136	0.090
neutral	0.028	0.000	0.044	0.002	0.378	0.001	0.547
neutral	0.030	0.000	0.018	0.006	0.146	0.001	0.800
neutral	0.023	0.001	0.029	0.005	0.293	0.000	0.649
neutral	0.046	0.003	0.023	0.008	0.384	0.000	0.535
neutral	0.013	0.001	0.013	0.006	0.192	0.000	0.776
neutral	0.017	0.003	0.022	0.010	0.243	0.000	0.706
neutral	0.026	0.000	0.014	0.005	0.251	0.000	0.704
neutral	0.038	0.000	0.010	0.011	0.118	0.000	0.823
sad	0.103	0.000	0.018	0.008	0.463	0.000	0.407
neutral	0.065	0.000	0.017	0.008	0.242	0.000	0.667
neutral	0.053	0.000	0.010	0.034	0.168	0.000	0.734
neutral	0.045	0.000	0.011	0.016	0.100	0.000	0.829
neutral	0.087	0.000	0.012	0.027	0.098	0.000	0.775
neutral	0.023	0.000	0.011	0.016	0.106	0.000	0.843
sad	0.081	0.043	0.083	0.150	0.552	0.013	0.078
neutral	0.018	0.000	0.009	0.008	0.115	0.000	0.849
sad	0.061	0.014	0.061	0.311	0.471	0.010	0.072
neutral	0.021	0.000	0.007	0.007	0.056	0.000	0.908
sad	0.072	0.026	0.102	0.203	0.491	0.011	0.096
neutral	0.014	0.000	0.010	0.020	0.056	0.001	0.899
sad	0.061	0.009	0.068	0.209	0.555	0.009	0.090
sad	0.060	0.014	0.089	0.234	0.499	0.014	0.090
sad	0.076	0.029	0.103	0.220	0.470	0.012	0.090
sad	0.030	0.014	0.067	0.229	0.558	0.014	0.089
sad	0.157	0.006	0.082	0.079	0.595	0.000	0.081
neutral	0.010	0.000	0.005	0.023	0.052	0.000	0.910
sad	0.057	0.007	0.066	0.140	0.573	0.009	0.147
sad	0.046	0.006	0.078	0.221	0.541	0.013	0.094
sad	0.033	0.005	0.054	0.225	0.546	0.011	0.126
sad	0.138	0.006	0.086	0.177	0.522	0.001	0.070
neutral	0.008	0.000	0.009	0.012	0.058	0.000	0.913
sad	0.055	0.015	0.074	0.148	0.559	0.013	0.136
sad	0.045	0.007	0.069	0.135	0.607	0.013	0.125
sad	0.062	0.011	0.083	0.109	0.573	0.016	0.145
neutral	0.082	0.003	0.043	0.169	0.214	0.008	0.481
neutral	0.075	0.003	0.055	0.067	0.315	0.003	0.482
neutral	0.057	0.001	0.052	0.060	0.238	0.003	0.589
neutral	0.022	0.000	0.055	0.038	0.221	0.006	0.658
neutral	0.028	0.000	0.054	0.063	0.166	0.005	0.684
neutral	0.032	0.000	0.035	0.042	0.199	0.001	0.691
neutral	0.016	0.000	0.005	0.010	0.040	0.001	0.928
neutral	0.015	0.000	0.006	0.007	0.021	0.001	0.950
neutral	0.017	0.000	0.012	0.013	0.018	0.005	0.935
neutral	0.007	0.000	0.008	0.016	0.016	0.009	0.943
neutral	0.009	0.000	0.007	0.023	0.018	0.004	0.939
neutral	0.011	0.000	0.009	0.043	0.021	0.010	0.906
sad	0.153	0.002	0.198	0.086	0.528	0.001	0.033
neutral	0.006	0.000	0.006	0.045	0.013	0.013	0.916
neutral	0.008	0.000	0.006	0.041	0.019	0.009	0.917
sad	0.173	0.001	0.197	0.141	0.439	0.001	0.048
sad	0.127	0.001	0.206	0.092	0.538	0.000	0.035
neutral	0.004	0.000	0.002	0.076	0.012	0.003	0.903
neutral	0.007	0.000	0.001	0.043	0.005	0.002	0.941
sad	0.187	0.002	0.211	0.069	0.464	0.001	0.066
neutral	0.007	0.000	0.001	0.011	0.011	0.000	0.970
neutral	0.040	0.002	0.004	0.016	0.042	0.001	0.895
sad	0.206	0.002	0.202	0.067	0.468	0.002	0.053
neutral	0.021	0.000	0.003	0.018	0.026	0.000	0.932
neutral	0.007	0.000	0.002	0.037	0.008	0.000	0.945
sad	0.199	0.004	0.204	0.032	0.507	0.001	0.054
neutral	0.037	0.002	0.007	0.009	0.058	0.000	0.888
neutral	0.032	0.002	0.002	0.010	0.024	0.001	0.930
sad	0.150	0.002	0.155	0.103	0.511	0.001	0.077
neutral	0.025	0.000	0.003	0.016	0.016	0.000	0.940
neutral	0.042	0.000	0.003	0.012	0.029	0.001	0.913
neutral	0.040	0.000	0.003	0.024	0.022	0.001	0.910
neutral	0.028	0.000	0.003	0.027	0.015	0.001	0.925
neutral	0.032	0.000	0.007	0.024	0.025	0.003	0.909
neutral	0.037	0.000	0.007	0.013	0.048	0.002	0.894
neutral	0.035	0.000	0.004	0.007	0.031	0.001	0.921
sad	0.129	0.019	0.151	0.241	0.295	0.071	0.095
neutral	0.047	0.000	0.006	0.010	0.061	0.002	0.874
happy	0.095	0.006	0.097	0.456	0.224	0.052	0.070
neutral	0.013	0.000	0.019	0.020	0.039	0.005	0.903
neutral	0.012	0.000	0.020	0.020	0.039	0.007	0.902
neutral	0.018	0.000	0.016	0.032	0.054	0.010	0.870
neutral	0.010	0.000	0.025	0.032	0.038	0.076	0.819
neutral	0.012	0.000	0.015	0.017	0.041	0.029	0.887
neutral	0.016	0.000	0.021	0.047	0.058	0.026	0.832
neutral	0.011	0.000	0.014	0.059	0.048	0.013	0.855
neutral	0.010	0.000	0.012	0.051	0.037	0.011	0.880
neutral	0.013	0.000	0.010	0.029	0.036	0.006	0.905
sad	0.176	0.003	0.155	0.038	0.573	0.001	0.054
sad	0.143	0.001	0.136	0.050	0.612	0.000	0.057
neutral	0.007	0.000	0.007	0.016	0.018	0.005	0.947
sad	0.082	0.006	0.170	0.044	0.651	0.000	0.048
neutral	0.011	0.000	0.008	0.029	0.022	0.001	0.929
neutral	0.008	0.000	0.004	0.005	0.012	0.000	0.971
neutral	0.054	0.000	0.012	0.012	0.099	0.001	0.823
neutral	0.021	0.000	0.004	0.007	0.021	0.001	0.945
neutral	0.032	0.000	0.010	0.017	0.028	0.004	0.910
neutral	0.032	0.000	0.010	0.025	0.050	0.002	0.881
neutral	0.053	0.000	0.008	0.009	0.119	0.001	0.810
neutral	0.036	0.000	0.009	0.006	0.073	0.001	0.875
neutral	0.018	0.000	0.008	0.008	0.025	0.001	0.941
neutral	0.038	0.000	0.009	0.005	0.045	0.001	0.903
neutral	0.016	0.000	0.008	0.009	0.024	0.002	0.941
neutral	0.030	0.000	0.005	0.008	0.037	0.001	0.920
neutral	0.020	0.000	0.007	0.006	0.035	0.001	0.932
neutral	0.032	0.000	0.007	0.005	0.049	0.001	0.907
neutral	0.011	0.000	0.005	0.009	0.019	0.001	0.955
neutral	0.022	0.000	0.004	0.007	0.035	0.001	0.930
neutral	0.040	0.000	0.006	0.007	0.061	0.001	0.885
sad	0.037	0.001	0.064	0.282	0.484	0.031	0.101
neutral	0.016	0.000	0.006	0.006	0.022	0.001	0.949
sad	0.026	0.001	0.054	0.283	0.482	0.031	0.124
neutral	0.015	0.000	0.008	0.010	0.031	0.001	0.935
sad	0.044	0.003	0.061	0.323	0.440	0.030	0.098
neutral	0.012	0.000	0.006	0.010	0.019	0.001	0.952
happy	0.034	0.003	0.042	0.428	0.391	0.024	0.079
neutral	0.031	0.000	0.004	0.007	0.046	0.000	0.911
sad	0.031	0.002	0.077	0.312	0.481	0.022	0.075
neutral	0.014	0.000	0.006	0.009	0.014	0.000	0.957
sad	0.043	0.003	0.092	0.319	0.414	0.035	0.094
neutral	0.021	0.000	0.006	0.007	0.020	0.001	0.946
neutral	0.013	0.000	0.006	0.007	0.015	0.000	0.958
neutral	0.019	0.000	0.006	0.009	0.040	0.000	0.926
neutral	0.019	0.000	0.008	0.005	0.037	0.000	0.931
neutral	0.010	0.000	0.004	0.005	0.015	0.000	0.965
neutral	0.014	0.000	0.002	0.004	0.014	0.000	0.967
neutral	0.022	0.000	0.006	0.007	0.056	0.001	0.907
neutral	0.025	0.001	0.010	0.044	0.054	0.001	0.866
neutral	0.001	0.000	0.003	0.009	0.014	0.001	0.972
neutral	0.002	0.000	0.002	0.021	0.014	0.000	0.961
neutral	0.002	0.000	0.001	0.019	0.012	0.001	0.965
neutral	0.003	0.000	0.002	0.038	0.028	0.000	0.929
neutral	0.007	0.000	0.004	0.017	0.024	0.002	0.946
neutral	0.005	0.000	0.002	0.012	0.009	0.000	0.972
neutral	0.004	0.000	0.002	0.021	0.013	0.000	0.959
neutral	0.004	0.000	0.002	0.008	0.019	0.000	0.967
neutral	0.004	0.000	0.003	0.021	0.016	0.001	0.955
neutral	0.008	0.000	0.004	0.030	0.048	0.001	0.909
neutral	0.006	0.000	0.007	0.009	0.050	0.001	0.927
neutral	0.008	0.000	0.006	0.013	0.057	0.001	0.915
neutral	0.012	0.000	0.007	0.015	0.069	0.001	0.896
neutral	0.009	0.000	0.006	0.025	0.047	0.001	0.911
neutral	0.007	0.000	0.006	0.017	0.029	0.001	0.940
neutral	0.007	0.000	0.003	0.009	0.033	0.000	0.947
neutral	0.006	0.000	0.003	0.009	0.022	0.001	0.960
neutral	0.003	0.000	0.002	0.014	0.018	0.000	0.962
neutral	0.006	0.000	0.004	0.018	0.026	0.001	0.946
neutral	0.004	0.000	0.005	0.010	0.021	0.001	0.959
neutral	0.002	0.000	0.003	0.005	0.021	0.000	0.967
neutral	0.008	0.000	0.005	0.021	0.034	0.001	0.932
neutral	0.005	0.000	0.006	0.008	0.037	0.001	0.942
neutral	0.004	0.000	0.002	0.010	0.017	0.001	0.966
neutral	0.004	0.000	0.004	0.007	0.018	0.001	0.967
neutral	0.005	0.000	0.003	0.012	0.024	0.001	0.955
neutral	0.007	0.000	0.003	0.013	0.024	0.000	0.952
neutral	0.006	0.000	0.004	0.012	0.021	0.001	0.956
neutral	0.006	0.000	0.003	0.011	0.015	0.000	0.964
neutral	0.005	0.000	0.002	0.028	0.011	0.001	0.953
neutral	0.008	0.000	0.005	0.017	0.027	0.000	0.942
neutral	0.004	0.000	0.001	0.019	0.008	0.002	0.966
neutral	0.007	0.000	0.002	0.010	0.017	0.001	0.964
neutral	0.007	0.000	0.002	0.006	0.020	0.001	0.965
neutral	0.011	0.000	0.006	0.023	0.047	0.000	0.913
neutral	0.025	0.000	0.005	0.018	0.042	0.001	0.908
neutral	0.015	0.000	0.006	0.014	0.036	0.001	0.928
neutral	0.020	0.000	0.006	0.008	0.061	0.001	0.904
neutral	0.007	0.000	0.004	0.015	0.030	0.001	0.944
neutral	0.010	0.000	0.004	0.013	0.039	0.001	0.934
neutral	0.027	0.000	0.009	0.027	0.174	0.000	0.763
neutral	0.027	0.000	0.011	0.021	0.253	0.000	0.687
neutral	0.046	0.000	0.006	0.072	0.047	0.001	0.828
neutral	0.058	0.000	0.008	0.051	0.087	0.000	0.796
neutral	0.046	0.000	0.006	0.058	0.069	0.000	0.820
neutral	0.026	0.000	0.005	0.069	0.037	0.001	0.863
neutral	0.049	0.000	0.005	0.026	0.059	0.000	0.860
neutral	0.106	0.000	0.007	0.009	0.152	0.000	0.726
neutral	0.032	0.000	0.007	0.030	0.054	0.000	0.877
neutral	0.046	0.000	0.004	0.035	0.041	0.000	0.874
neutral	0.052	0.000	0.003	0.010	0.050	0.000	0.884
neutral	0.050	0.000	0.002	0.010	0.030	0.000	0.908
neutral	0.063	0.000	0.003	0.008	0.040	0.000	0.886
neutral	0.071	0.000	0.003	0.007	0.046	0.000	0.873
neutral	0.052	0.000	0.005	0.031	0.041	0.000	0.871
neutral	0.079	0.000	0.006	0.009	0.065	0.000	0.841
neutral	0.082	0.000	0.004	0.007	0.074	0.000	0.833
neutral	0.072	0.002	0.006	0.022	0.129	0.000	0.770
neutral	0.020	0.000	0.003	0.004	0.083	0.000	0.889
neutral	0.027	0.000	0.003	0.004	0.079	0.000	0.886
neutral	0.024	0.000	0.003	0.004	0.126	0.000	0.842
neutral	0.049	0.000	0.009	0.051	0.082	0.001	0.808
neutral	0.042	0.000	0.006	0.025	0.051	0.000	0.877
neutral	0.083	0.000	0.012	0.049	0.101	0.001	0.754
neutral	0.216	0.001	0.014	0.040	0.172	0.000	0.556
neutral	0.120	0.000	0.010	0.038	0.116	0.000	0.716
neutral	0.130	0.001	0.012	0.054	0.064	0.001	0.738
neutral	0.154	0.001	0.011	0.047	0.077	0.001	0.710
neutral	0.230	0.003	0.019	0.056	0.113	0.001	0.578
neutral	0.115	0.001	0.008	0.036	0.036	0.001	0.804
neutral	0.051	0.001	0.013	0.040	0.025	0.002	0.870
neutral	0.054	0.000	0.010	0.027	0.040	0.002	0.867
neutral	0.112	0.004	0.009	0.017	0.053	0.001	0.805
neutral	0.193	0.002	0.016	0.025	0.117	0.001	0.646
neutral	0.131	0.001	0.015	0.024	0.091	0.001	0.738
neutral	0.084	0.001	0.020	0.024	0.070	0.000	0.800
neutral	0.106	0.006	0.057	0.021	0.138	0.001	0.672
neutral	0.196	0.004	0.023	0.056	0.096	0.001	0.625
neutral	0.187	0.000	0.012	0.013	0.098	0.000	0.689
neutral	0.093	0.001	0.008	0.051	0.043	0.001	0.803
neutral	0.067	0.000	0.003	0.019	0.038	0.000	0.872
neutral	0.031	0.000	0.004	0.009	0.053	0.000	0.903
neutral	0.025	0.000	0.003	0.008	0.056	0.000	0.908
neutral	0.020	0.000	0.002	0.011	0.040	0.000	0.926
neutral	0.015	0.000	0.002	0.005	0.076	0.000	0.902
neutral	0.023	0.000	0.003	0.023	0.066	0.000	0.885
neutral	0.035	0.000	0.007	0.077	0.087	0.001	0.794
neutral	0.126	0.000	0.006	0.035	0.058	0.000	0.774
neutral	0.064	0.000	0.008	0.081	0.069	0.000	0.778
neutral	0.174	0.000	0.011	0.114	0.074	0.000	0.626
neutral	0.188	0.000	0.011	0.171	0.067	0.001	0.562
neutral	0.077	0.000	0.009	0.204	0.043	0.001	0.665
neutral	0.157	0.000	0.010	0.024	0.121	0.001	0.687
neutral	0.101	0.000	0.015	0.051	0.112	0.001	0.720
neutral	0.060	0.000	0.015	0.102	0.089	0.001	0.732
neutral	0.060	0.000	0.009	0.059	0.054	0.001	0.817
neutral	0.110	0.000	0.018	0.043	0.121	0.000	0.708
neutral	0.201	0.001	0.021	0.257	0.056	0.001	0.463
neutral	0.213	0.000	0.017	0.226	0.043	0.001	0.499
neutral	0.110	0.000	0.011	0.143	0.042	0.001	0.692
neutral	0.129	0.000	0.022	0.014	0.183	0.000	0.651
neutral	0.099	0.000	0.009	0.026	0.107	0.001	0.757
neutral	0.031	0.000	0.018	0.008	0.135	0.001	0.807
neutral	0.053	0.000	0.017	0.007	0.144	0.000	0.779
neutral	0.039	0.000	0.008	0.012	0.082	0.001	0.857
neutral	0.038	0.000	0.010	0.015	0.087	0.000	0.850
neutral	0.032	0.000	0.015	0.017	0.123	0.000	0.814
neutral	0.034	0.000	0.015	0.018	0.093	0.000	0.840
neutral	0.024	0.000	0.008	0.010	0.059	0.000	0.899
neutral	0.043	0.000	0.011	0.014	0.101	0.000	0.831
neutral	0.029	0.000	0.013	0.009	0.141	0.000	0.808
neutral	0.037	0.000	0.012	0.034	0.143	0.001	0.773
neutral	0.036	0.000	0.009	0.024	0.105	0.001	0.824
neutral	0.042	0.000	0.023	0.010	0.169	0.001	0.755
