prediction	angry	disgust	fear	happy	sad	surprise	neutral
neutral	0.055	0.000	0.003	0.153	0.128	0.002	0.660
neutral	0.066	0.000	0.004	0.011	0.260	0.000	0.658
neutral	0.069	0.000	0.006	0.016	0.267	0.001	0.641
neutral	0.055	0.000	0.004	0.014	0.121	0.001	0.805
neutral	0.053	0.000	0.003	0.014	0.157	0.000	0.772
neutral	0.060	0.000	0.004	0.008	0.238	0.000	0.689
neutral	0.042	0.000	0.004	0.008	0.211	0.000	0.735
neutral	0.076	0.000	0.004	0.010	0.242	0.000	0.668
neutral	0.080	0.000	0.004	0.012	0.292	0.000	0.611
neutral	0.064	0.000	0.004	0.013	0.241	0.000	0.678
neutral	0.066	0.000	0.003	0.011	0.237	0.000	0.682
neutral	0.062	0.000	0.004	0.021	0.181	0.000	0.732
neutral	0.071	0.000	0.006	0.020	0.178	0.001	0.725
neutral	0.068	0.000	0.002	0.015	0.176	0.000	0.738
neutral	0.057	0.000	0.003	0.013	0.167	0.000	0.760
neutral	0.093	0.000	0.003	0.019	0.114	0.001	0.769
neutral	0.079	0.000	0.003	0.024	0.093	0.002	0.800
neutral	0.097	0.000	0.004	0.013	0.142	0.001	0.744
neutral	0.057	0.000	0.002	0.036	0.093	0.000	0.812
neutral	0.064	0.000	0.003	0.021	0.117	0.002	0.794
neutral	0.061	0.000	0.004	0.012	0.178	0.000	0.744
neutral	0.080	0.000	0.004	0.015	0.186	0.001	0.714
neutral	0.147	0.000	0.003	0.015	0.127	0.001	0.707
neutral	0.099	0.000	0.002	0.010	0.151	0.000	0.737
neutral	0.063	0.000	0.003	0.009	0.122	0.000	0.803
neutral	0.116	0.000	0.004	0.014	0.111	0.000	0.755
neutral	0.117	0.000	0.004	0.018	0.120	0.000	0.741
neutral	0.089	0.000	0.003	0.018	0.092	0.000	0.798
neutral	0.098	0.000	0.003	0.011	0.120	0.000	0.768
neutral	0.129	0.000	0.004	0.022	0.089	0.000	0.755
neutral	0.071	0.000	0.003	0.011	0.177	0.000	0.738
neutral	0.061	0.000	0.002	0.012	0.151	0.000	0.773
neutral	0.053	0.000	0.003	0.009	0.148	0.000	0.787
neutral	0.048	0.000	0.002	0.015	0.133	0.000	0.801
neutral	0.052	0.001	0.003	0.012	0.197	0.000	0.734
neutral	0.050	0.000	0.003	0.010	0.209	0.000	0.728
neutral	0.076	0.000	0.004	0.015	0.142	0.001	0.762
neutral	0.061	0.000	0.003	0.010	0.182	0.000	0.743
neutral	0.053	0.000	0.004	0.012	0.164	0.000	0.765
neutral	0.067	0.000	0.003	0.012	0.128	0.001	0.790
neutral	0.057	0.000	0.003	0.021	0.149	0.001	0.768
neutral	0.053	0.000	0.004	0.009	0.277	0.000	0.656
neutral	0.062	0.000	0.003	0.010	0.256	0.000	0.668
neutral	0.045	0.000	0.003	0.006	0.164	0.000	0.781
neutral	0.042	0.000	0.003	0.011	0.167	0.000	0.777
neutral	0.070	0.000	0.003	0.019	0.146	0.000	0.761
neutral	0.050	0.000	0.002	0.036	0.111	0.001	0.800
neutral	0.034	0.000	0.002	0.012	0.098	0.000	0.853
neutral	0.036	0.000	0.003	0.022	0.134	0.001	0.804
neutral	0.046	0.000	0.002	0.015	0.086	0.000	0.851
neutral	0.049	0.000	0.003	0.018	0.107	0.000	0.823
neutral	0.049	0.000	0.002	0.027	0.067	0.000	0.854
neutral	0.053	0.000	0.002	0.061	0.051	0.001	0.833
neutral	0.050	0.000	0.002	0.084	0.072	0.001	0.791
neutral	0.030	0.000	0.002	0.073	0.058	0.001	0.835
neutral	0.025	0.000	0.001	0.056	0.042	0.001	0.875
neutral	0.036	0.000	0.002	0.132	0.084	0.001	0.745
neutral	0.024	0.000	0.001	0.046	0.066	0.001	0.862
neutral	0.027	0.000	0.007	0.023	0.172	0.000	0.770
neutral	0.040	0.000	0.005	0.014	0.204	0.000	0.737
neutral	0.022	0.000	0.002	0.023	0.111	0.000	0.842
neutral	0.024	0.000	0.003	0.027	0.164	0.000	0.782
neutral	0.018	0.000	0.002	0.020	0.107	0.001	0.853
neutral	0.054	0.000	0.003	0.041	0.154	0.001	0.747
neutral	0.044	0.000	0.002	0.052	0.160	0.001	0.741
neutral	0.040	0.000	0.003	0.027	0.149	0.002	0.778
neutral	0.036	0.001	0.003	0.020	0.253	0.000	0.688
neutral	0.018	0.001	0.002	0.044	0.167	0.001	0.768
neutral	0.044	0.000	0.002	0.031	0.121	0.001	0.801
neutral	0.026	0.000	0.001	0.013	0.075	0.001	0.884
neutral	0.025	0.000	0.002	0.032	0.095	0.001	0.844
neutral	0.016	0.000	0.002	0.038	0.091	0.002	0.852
neutral	0.014	0.000	0.001	0.043	0.085	0.001	0.856
neutral	0.014	0.000	0.002	0.039	0.063	0.001	0.881
neutral	0.022	0.000	0.002	0.039	0.069	0.004	0.865
neutral	0.018	0.000	0.002	0.037	0.061	0.001	0.880
neutral	0.017	0.000	0.002	0.048	0.067	0.000	0.866
neutral	0.010	0.000	0.001	0.063	0.052	0.001	0.872
neutral	0.015	0.000	0.002	0.054	0.061	0.001	0.867
neutral	0.010	0.000	0.001	0.059	0.055	0.001	0.873
neutral	0.008	0.000	0.001	0.083	0.047	0.001	0.861
neutral	0.009	0.000	0.002	0.104	0.045	0.002	0.839
neutral	0.011	0.000	0.001	0.051	0.036	0.001	0.899
neutral	0.008	0.000	0.001	0.059	0.052	0.001	0.878
neutral	0.010	0.000	0.002	0.071	0.057	0.001	0.859
neutral	0.009	0.000	0.002	0.055	0.062	0.001	0.871
neutral	0.009	0.000	0.001	0.069	0.040	0.002	0.879
neutral	0.009	0.000	0.001	0.102	0.045	0.001	0.841
neutral	0.010	0.001	0.002	0.072	0.055	0.002	0.857
neutral	0.008	0.000	0.002	0.098	0.047	0.002	0.842
neutral	0.012	0.000	0.002	0.028	0.105	0.001	0.852
neutral	0.008	0.001	0.002	0.049	0.081	0.002	0.857
neutral	0.009	0.001	0.005	0.088	0.088	0.002	0.807
neutral	0.019	0.001	0.003	0.062	0.118	0.001	0.797
neutral	0.013	0.001	0.008	0.063	0.176	0.004	0.735
neutral	0.012	0.001	0.002	0.040	0.085	0.002	0.858
neutral	0.010	0.001	0.002	0.109	0.057	0.004	0.818
neutral	0.008	0.001	0.002	0.106	0.044	0.002	0.838
neutral	0.009	0.000	0.002	0.169	0.049	0.004	0.766
neutral	0.008	0.001	0.002	0.076	0.060	0.001	0.853
neutral	0.008	0.000	0.002	0.078	0.063	0.003	0.845
neutral	0.016	0.001	0.002	0.070	0.065	0.001	0.845
neutral	0.008	0.001	0.003	0.101	0.069	0.003	0.816
neutral	0.007	0.001	0.003	0.103	0.071	0.004	0.812
neutral	0.009	0.001	0.003	0.068	0.059	0.002	0.858
neutral	0.010	0.001	0.003	0.063	0.067	0.002	0.855
neutral	0.009	0.001	0.003	0.142	0.052	0.004	0.790
neutral	0.010	0.001	0.002	0.098	0.060	0.003	0.827
neutral	0.012	0.001	0.004	0.089	0.067	0.003	0.824
neutral	0.016	0.001	0.003	0.057	0.106	0.001	0.816
neutral	0.009	0.001	0.003	0.089	0.056	0.002	0.841
neutral	0.009	0.001	0.003	0.090	0.062	0.002	0.832
neutral	0.009	0.001	0.003	0.085	0.057	0.002	0.842
neutral	0.006	0.000	0.002	0.097	0.048	0.001	0.845
neutral	0.007	0.000	0.002	0.107	0.063	0.002	0.819
neutral	0.012	0.001	0.004	0.109	0.064	0.002	0.808
neutral	0.010	0.000	0.004	0.082	0.079	0.001	0.823
neutral	0.016	0.001	0.005	0.094	0.101	0.002	0.782
neutral	0.012	0.000	0.004	0.101	0.086	0.001	0.796
neutral	0.009	0.000	0.002	0.118	0.045	0.002	0.824
neutral	0.014	0.001	0.002	0.065	0.093	0.001	0.823
neutral	0.015	0.001	0.004	0.098	0.089	0.003	0.791
neutral	0.008	0.001	0.003	0.067	0.066	0.002	0.853
neutral	0.016	0.001	0.003	0.039	0.078	0.002	0.861
neutral	0.009	0.001	0.004	0.032	0.099	0.001	0.854
neutral	0.014	0.000	0.002	0.048	0.068	0.004	0.863
neutral	0.017	0.000	0.003	0.039	0.067	0.006	0.868
neutral	0.010	0.000	0.002	0.020	0.057	0.001	0.910
neutral	0.009	0.001	0.001	0.035	0.050	0.001	0.902
neutral	0.013	0.001	0.002	0.053	0.056	0.003	0.872
neutral	0.011	0.001	0.002	0.019	0.063	0.001	0.903
neutral	0.010	0.001	0.001	0.054	0.051	0.002	0.882
neutral	0.007	0.001	0.001	0.042	0.038	0.002	0.909
neutral	0.011	0.002	0.002	0.069	0.056	0.001	0.859
neutral	0.027	0.000	0.001	0.045	0.070	0.002	0.855
neutral	0.015	0.001	0.002	0.039	0.058	0.003	0.882
neutral	0.020	0.001	0.001	0.038	0.078	0.002	0.861
neutral	0.009	0.000	0.002	0.057	0.038	0.005	0.889
neutral	0.032	0.001	0.001	0.050	0.086	0.001	0.829
neutral	0.015	0.000	0.002	0.063	0.048	0.005	0.867
neutral	0.011	0.001	0.001	0.074	0.047	0.004	0.861
neutral	0.018	0.000	0.001	0.053	0.048	0.004	0.876
neutral	0.019	0.000	0.001	0.102	0.069	0.002	0.807
neutral	0.023	0.001	0.002	0.075	0.075	0.003	0.820
neutral	0.020	0.001	0.002	0.073	0.071	0.003	0.830
neutral	0.010	0.000	0.001	0.085	0.027	0.007	0.870
neutral	0.023	0.000	0.001	0.069	0.068	0.001	0.837
neutral	0.037	0.001	0.001	0.046	0.084	0.001	0.831
neutral	0.038	0.000	0.001	0.019	0.121	0.001	0.820
neutral	0.030	0.000	0.001	0.034	0.087	0.001	0.847
neutral	0.031	0.001	0.001	0.047	0.088	0.002	0.831
neutral	0.021	0.000	0.001	0.072	0.066	0.003	0.836
neutral	0.034	0.000	0.001	0.046	0.074	0.001	0.844
neutral	0.023	0.000	0.001	0.060	0.062	0.003	0.850
neutral	0.027	0.000	0.001	0.059	0.069	0.002	0.841
neutral	0.013	0.001	0.005	0.028	0.151	0.003	0.800
neutral	0.016	0.001	0.002	0.042	0.092	0.002	0.845
neutral	0.028	0.001	0.001	0.057	0.088	0.002	0.824
neutral	0.018	0.000	0.001	0.075	0.068	0.002	0.837
neutral	0.025	0.000	0.001	0.051	0.081	0.001	0.840
neutral	0.029	0.000	0.002	0.065	0.090	0.001	0.812
neutral	0.026	0.000	0.001	0.082	0.075	0.002	0.813
neutral	0.031	0.000	0.002	0.063	0.106	0.003	0.795
neutral	0.030	0.000	0.002	0.085	0.090	0.002	0.792
neutral	0.032	0.000	0.002	0.057	0.099	0.001	0.809
neutral	0.025	0.001	0.001	0.085	0.095	0.002	0.790
neutral	0.020	0.000	0.001	0.036	0.059	0.001	0.883
neutral	0.018	0.000	0.001	0.067	0.040	0.001	0.873
neutral	0.012	0.000	0.001	0.064	0.039	0.006	0.877
neutral	0.021	0.000	0.001	0.073	0.076	0.001	0.827
neutral	0.021	0.000	0.001	0.038	0.050	0.001	0.890
neutral	0.024	0.000	0.001	0.042	0.060	0.001	0.872
neutral	0.017	0.000	0.001	0.015	0.093	0.000	0.873
neutral	0.026	0.000	0.001	0.045	0.078	0.000	0.850
neutral	0.022	0.000	0.001	0.031	0.049	0.000	0.898
neutral	0.028	0.000	0.000	0.035	0.043	0.000	0.893
neutral	0.024	0.000	0.001	0.041	0.042	0.000	0.892
neutral	0.015	0.000	0.001	0.048	0.027	0.002	0.908
neutral	0.018	0.000	0.001	0.026	0.033	0.001	0.922
neutral	0.015	0.000	0.001	0.048	0.043	0.000	0.893
neutral	0.018	0.000	0.000	0.075	0.033	0.000	0.874
neutral	0.009	0.000	0.000	0.072	0.018	0.000	0.900
neutral	0.021	0.000	0.000	0.080	0.041	0.001	0.856
neutral	0.018	0.000	0.000	0.080	0.035	0.000	0.866
neutral	0.015	0.000	0.001	0.072	0.033	0.001	0.878
neutral	0.008	0.000	0.001	0.167	0.016	0.003	0.806
neutral	0.014	0.000	0.001	0.152	0.026	0.004	0.802
neutral	0.030	0.000	0.001	0.037	0.057	0.002	0.874
happy	0.006	0.000	0.001	0.630	0.011	0.012	0.340
happy	0.003	0.000	0.001	0.617	0.013	0.011	0.355
neutral	0.005	0.001	0.003	0.300	0.051	0.003	0.638
neutral	0.010	0.001	0.003	0.120	0.099	0.001	0.764
neutral	0.009	0.001	0.003	0.084	0.110	0.002	0.791
neutral	0.011	0.001	0.004	0.073	0.139	0.001	0.771
neutral	0.022	0.001	0.002	0.025	0.176	0.001	0.773
neutral	0.022	0.001	0.003	0.038	0.147	0.001	0.789
neutral	0.010	0.003	0.003	0.069	0.109	0.002	0.803
neutral	0.013	0.000	0.002	0.062	0.087	0.002	0.833
neutral	0.014	0.001	0.002	0.057	0.074	0.001	0.851
neutral	0.013	0.000	0.002	0.045	0.069	0.001	0.869
neutral	0.013	0.000	0.002	0.078	0.057	0.004	0.846
neutral	0.021	0.000	0.001	0.083	0.056	0.001	0.838
neutral	0.013	0.000	0.003	0.139	0.042	0.003	0.800
neutral	0.010	0.001	0.002	0.293	0.031	0.003	0.659
neutral	0.020	0.001	0.001	0.081	0.051	0.000	0.846
neutral	0.015	0.000	0.001	0.061	0.040	0.002	0.880
neutral	0.004	0.000	0.001	0.104	0.020	0.000	0.871
neutral	0.006	0.000	0.001	0.109	0.018	0.001	0.865
neutral	0.008	0.000	0.001	0.132	0.026	0.002	0.831
neutral	0.016	0.000	0.002	0.114	0.047	0.004	0.817
neutral	0.010	0.000	0.003	0.205	0.040	0.004	0.738
neutral	0.006	0.000	0.002	0.259	0.025	0.003	0.704
neutral	0.007	0.000	0.002	0.095	0.036	0.003	0.857
neutral	0.006	0.001	0.003	0.110	0.056	0.004	0.820
neutral	0.007	0.001	0.003	0.188	0.041	0.005	0.756
neutral	0.016	0.000	0.001	0.028	0.116	0.001	0.837
neutral	0.024	0.001	0.007	0.045	0.174	0.002	0.747
neutral	0.006	0.001	0.002	0.025	0.104	0.002	0.860
neutral	0.006	0.001	0.001	0.020	0.086	0.001	0.884
neutral	0.019	0.000	0.002	0.033	0.130	0.001	0.815
neutral	0.012	0.000	0.001	0.029	0.068	0.001	0.888
neutral	0.015	0.001	0.004	0.063	0.110	0.002	0.806
neutral	0.025	0.001	0.003	0.049	0.098	0.001	0.823
neutral	0.011	0.000	0.002	0.060	0.048	0.002	0.877
neutral	0.028	0.001	0.003	0.042	0.095	0.003	0.828
neutral	0.024	0.000	0.003	0.016	0.221	0.001	0.735
neutral	0.018	0.001	0.003	0.020	0.169	0.001	0.789
neutral	0.008	0.001	0.002	0.065	0.064	0.001	0.859
neutral	0.010	0.001	0.001	0.212	0.035	0.001	0.740
neutral	0.012	0.002	0.004	0.406	0.048	0.012	0.515
neutral	0.022	0.001	0.001	0.037	0.079	0.001	0.859
neutral	0.023	0.001	0.001	0.025	0.092	0.000	0.858
neutral	0.021	0.001	0.002	0.038	0.103	0.000	0.835
neutral	0.021	0.001	0.002	0.038	0.111	0.001	0.826
neutral	0.023	0.002	0.003	0.067	0.121	0.002	0.782
neutral	0.011	0.001	0.003	0.195	0.071	0.007	0.712
neutral	0.015	0.001	0.002	0.025	0.085	0.001	0.871
neutral	0.019	0.000	0.001	0.017	0.080	0.001	0.883
neutral	0.036	0.000	0.001	0.038	0.086	0.001	0.838
neutral	0.015	0.001	0.001	0.079	0.050	0.001	0.853
neutral	0.019	0.001	0.002	0.150	0.044	0.006	0.778
neutral	0.027	0.000	0.001	0.033	0.049	0.002	0.888
neutral	0.027	0.000	0.001	0.017	0.058	0.001	0.897
neutral	0.027	0.000	0.001	0.024	0.089	0.001	0.859
neutral	0.018	0.000	0.001	0.029	0.092	0.001	0.858
neutral	0.022	0.000	0.001	0.025	0.077	0.001	0.874
neutral	0.015	0.000	0.001	0.018	0.105	0.001	0.861
neutral	0.011	0.001	0.002	0.037	0.109	0.002	0.839
neutral	0.012	0.001	0.001	0.040	0.088	0.002	0.857
neutral	0.010	0.001	0.001	0.029	0.061	0.002	0.896
neutral	0.015	0.000	0.002	0.023	0.083	0.002	0.875
neutral	0.031	0.001	0.002	0.032	0.118	0.001	0.814
neutral	0.028	0.000	0.002	0.029	0.140	0.002	0.799
neutral	0.025	0.001	0.002	0.074	0.074	0.003	0.823
neutral	0.015	0.001	0.002	0.106	0.065	0.002	0.809
neutral	0.021	0.001	0.001	0.103	0.045	0.002	0.828
neutral	0.008	0.000	0.002	0.276	0.022	0.008	0.684
neutral	0.017	0.000	0.002	0.158	0.044	0.004	0.775
neutral	0.037	0.000	0.001	0.033	0.099	0.003	0.827
neutral	0.026	0.000	0.001	0.018	0.082	0.001	0.871
neutral	0.027	0.000	0.001	0.025	0.084	0.002	0.861
neutral	0.016	0.000	0.001	0.019	0.065	0.003	0.896
neutral	0.020	0.001	0.002	0.133	0.081	0.003	0.760
neutral	0.013	0.000	0.001	0.134	0.034	0.003	0.815
neutral	0.008	0.000	0.001	0.089	0.030	0.004	0.868
neutral	0.006	0.000	0.001	0.131	0.020	0.006	0.835
neutral	0.007	0.000	0.001	0.194	0.020	0.006	0.773
neutral	0.011	0.000	0.001	0.162	0.038	0.003	0.783
neutral	0.015	0.000	0.001	0.060	0.041	0.003	0.880
neutral	0.010	0.000	0.001	0.053	0.040	0.002	0.895
neutral	0.011	0.000	0.001	0.078	0.036	0.003	0.870
neutral	0.015	0.000	0.001	0.053	0.050	0.002	0.879
neutral	0.017	0.001	0.001	0.046	0.062	0.001	0.871
neutral	0.009	0.001	0.001	0.063	0.047	0.003	0.876
neutral	0.016	0.000	0.001	0.043	0.062	0.003	0.875
neutral	0.012	0.000	0.002	0.035	0.061	0.004	0.886
neutral	0.013	0.001	0.001	0.030	0.107	0.001	0.846
neutral	0.016	0.001	0.002	0.044	0.091	0.001	0.845
neutral	0.017	0.001	0.002	0.044	0.081	0.001	0.855
neutral	0.014	0.001	0.002	0.043	0.078	0.001	0.862
neutral	0.014	0.000	0.001	0.034	0.054	0.003	0.894
neutral	0.020	0.000	0.001	0.029	0.107	0.000	0.842
neutral	0.012	0.001	0.001	0.034	0.087	0.001	0.865
neutral	0.035	0.000	0.001	0.018	0.057	0.001	0.888
neutral	0.018	0.000	0.001	0.027	0.088	0.001	0.865
neutral	0.023	0.000	0.001	0.020	0.092	0.001	0.862
neutral	0.012	0.001	0.002	0.040	0.098	0.001	0.846
neutral	0.013	0.000	0.001	0.024	0.100	0.001	0.861
neutral	0.036	0.000	0.001	0.020	0.107	0.000	0.836
neutral	0.023	0.001	0.001	0.023	0.110	0.001	0.841
neutral	0.010	0.000	0.001	0.029	0.064	0.001	0.894
neutral	0.037	0.000	0.001	0.028	0.113	0.001	0.821
neutral	0.021	0.001	0.001	0.028	0.112	0.001	0.836
neutral	0.039	0.000	0.000	0.022	0.104	0.000	0.834
neutral	0.030	0.001	0.001	0.030	0.134	0.001	0.803
neutral	0.022	0.001	0.001	0.038	0.121	0.001	0.817
neutral	0.024	0.002	0.001	0.029	0.149	0.001	0.795
neutral	0.028	0.000	0.000	0.022	0.092	0.000	0.857
neutral	0.020	0.001	0.001	0.017	0.102	0.000	0.860
neutral	0.024	0.002	0.001	0.026	0.146	0.001	0.801
neutral	0.025	0.001	0.001	0.028	0.147	0.001	0.796
neutral	0.017	0.001	0.001	0.034	0.112	0.001	0.835
neutral	0.018	0.000	0.001	0.050	0.131	0.001	0.798
neutral	0.025	0.001	0.001	0.030	0.137	0.000	0.806
neutral	0.023	0.004	0.001	0.027	0.188	0.001	0.756
neutral	0.017	0.001	0.002	0.046	0.138	0.001	0.795
neutral	0.031	0.002	0.002	0.047	0.188	0.001	0.729
neutral	0.019	0.000	0.001	0.048	0.053	0.001	0.879
neutral	0.021	0.000	0.001	0.060	0.084	0.001	0.832
neutral	0.024	0.000	0.001	0.066	0.046	0.001	0.862
neutral	0.017	0.000	0.001	0.044	0.050	0.001	0.887
neutral	0.025	0.000	0.001	0.038	0.041	0.001	0.894
neutral	0.025	0.000	0.001	0.031	0.072	0.001	0.868
neutral	0.014	0.000	0.001	0.025	0.075	0.001	0.883
neutral	0.014	0.001	0.001	0.025	0.056	0.001	0.902
neutral	0.013	0.001	0.001	0.031	0.085	0.001	0.868
neutral	0.018	0.000	0.002	0.045	0.080	0.001	0.854
neutral	0.018	0.001	0.002	0.025	0.117	0.001	0.836
neutral	0.020	0.000	0.001	0.034	0.053	0.000	0.892
neutral	0.019	0.001	0.002	0.015	0.168	0.001	0.794
neutral	0.017	0.001	0.002	0.029	0.084	0.001	0.868
neutral	0.010	0.001	0.001	0.017	0.129	0.001	0.841
neutral	0.022	0.001	0.002	0.020	0.164	0.001	0.790
neutral	0.018	0.000	0.001	0.021	0.119	0.001	0.839
neutral	0.023	0.000	0.001	0.024	0.122	0.001	0.829
neutral	0.016	0.001	0.002	0.022	0.090	0.002	0.868
neutral	0.018	0.000	0.002	0.016	0.116	0.003	0.845
neutral	0.026	0.002	0.004	0.032	0.166	0.002	0.768
neutral	0.028	0.000	0.001	0.027	0.094	0.001	0.849
neutral	0.027	0.000	0.002	0.045	0.151	0.001	0.773
neutral	0.031	0.001	0.002	0.016	0.112	0.001	0.837
neutral	0.034	0.000	0.002	0.027	0.152	0.001	0.783
neutral	0.023	0.001	0.002	0.030	0.121	0.002	0.820
neutral	0.011	0.001	0.002	0.037	0.096	0.001	0.853
neutral	0.016	0.001	0.004	0.023	0.113	0.002	0.842
neutral	0.036	0.001	0.003	0.031	0.202	0.001	0.725
neutral	0.025	0.000	0.003	0.009	0.134	0.002	0.827
neutral	0.043	0.001	0.008	0.008	0.283	0.001	0.655
neutral	0.024	0.000	0.006	0.019	0.316	0.002	0.632
neutral	0.020	0.001	0.005	0.020	0.225	0.002	0.728
neutral	0.048	0.001	0.004	0.016	0.185	0.001	0.745
neutral	0.024	0.003	0.003	0.030	0.151	0.001	0.788
neutral	0.032	0.001	0.002	0.033	0.143	0.000	0.788
neutral	0.033	0.000	0.003	0.019	0.197	0.000	0.748
neutral	0.061	0.001	0.006	0.023	0.251	0.001	0.657
neutral	0.037	0.000	0.002	0.015	0.135	0.001	0.810
neutral	0.054	0.000	0.004	0.028	0.160	0.001	0.753
neutral	0.053	0.000	0.003	0.020	0.159	0.001	0.765
neutral	0.041	0.000	0.002	0.024	0.160	0.001	0.771
neutral	0.049	0.000	0.004	0.033	0.144	0.002	0.767
neutral	0.061	0.000	0.003	0.014	0.247	0.001	0.673
neutral	0.054	0.000	0.003	0.020	0.236	0.001	0.686
neutral	0.053	0.000	0.003	0.015	0.156	0.001	0.772
neutral	0.050	0.001	0.006	0.016	0.296	0.001	0.631
neutral	0.043	0.001	0.005	0.010	0.322	0.000	0.618
neutral	0.043	0.001	0.004	0.011	0.317	0.000	0.623
neutral	0.050	0.001	0.004	0.013	0.319	0.000	0.611
neutral	0.042	0.000	0.003	0.019	0.222	0.001	0.712
neutral	0.030	0.000	0.002	0.023	0.104	0.001	0.840
neutral	0.044	0.001	0.003	0.019	0.250	0.001	0.683
neutral	0.015	0.000	0.002	0.013	0.137	0.000	0.831
neutral	0.027	0.000	0.002	0.021	0.184	0.000	0.765
neutral	0.056	0.000	0.002	0.021	0.174	0.000	0.746
neutral	0.054	0.000	0.001	0.017	0.068	0.001	0.859
neutral	0.066	0.000	0.001	0.019	0.070	0.001	0.843
neutral	0.034	0.000	0.001	0.029	0.068	0.001	0.866
neutral	0.029	0.000	0.001	0.035	0.052	0.001	0.883
neutral	0.029	0.000	0.001	0.034	0.035	0.002	0.899
neutral	0.021	0.000	0.002	0.016	0.120	0.001	0.840
neutral	0.011	0.000	0.002	0.027	0.093	0.001	0.867
neutral	0.015	0.000	0.001	0.026	0.085	0.001	0.871
neutral	0.017	0.000	0.003	0.026	0.100	0.001	0.853
neutral	0.026	0.000	0.002	0.016	0.122	0.000	0.833
neutral	0.021	0.000	0.002	0.021	0.052	0.001	0.904
neutral	0.018	0.000	0.001	0.041	0.042	0.001	0.897
neutral	0.017	0.000	0.001	0.033	0.047	0.001	0.901
neutral	0.018	0.000	0.002	0.022	0.079	0.001	0.878
neutral	0.014	0.000	0.001	0.024	0.049	0.000	0.912
neutral	0.030	0.000	0.002	0.065	0.096	0.000	0.806
neutral	0.018	0.000	0.001	0.027	0.030	0.001	0.924
neutral	0.053	0.000	0.002	0.053	0.152	0.000	0.740
neutral	0.046	0.000	0.002	0.033	0.114	0.001	0.805
neutral	0.058	0.000	0.002	0.046	0.152	0.000	0.742
neutral	0.035	0.000	0.001	0.036	0.066	0.001	0.862
neutral	0.035	0.000	0.001	0.046	0.077	0.000	0.840
neutral	0.019	0.000	0.001	0.025	0.044	0.000	0.911
neutral	0.030	0.000	0.002	0.031	0.073	0.001	0.864
neutral	0.060	0.000	0.001	0.039	0.095	0.001	0.805
neutral	0.028	0.000	0.001	0.055	0.048	0.001	0.868
neutral	0.048	0.000	0.001	0.069	0.093	0.000	0.789
neutral	0.033	0.000	0.001	0.032	0.057	0.001	0.876
neutral	0.024	0.000	0.001	0.024	0.072	0.000	0.878
neutral	0.021	0.000	0.001	0.034	0.046	0.000	0.897
neutral	0.039	0.000	0.001	0.049	0.051	0.001	0.859
neutral	0.028	0.000	0.001	0.080	0.043	0.001	0.848
neutral	0.027	0.000	0.001	0.029	0.061	0.000	0.882
neutral	0.059	0.000	0.001	0.033	0.129	0.000	0.778
neutral	0.040	0.000	0.001	0.030	0.065	0.000	0.864
neutral	0.046	0.000	0.001	0.022	0.072	0.000	0.860
neutral	0.064	0.000	0.001	0.013	0.075	0.000	0.848
neutral	0.054	0.000	0.001	0.018	0.063	0.000	0.864
neutral	0.066	0.000	0.001	0.019	0.092	0.000	0.822
neutral	0.028	0.000	0.001	0.069	0.035	0.001	0.867
neutral	0.030	0.000	0.001	0.054	0.040	0.000	0.874
neutral	0.026	0.000	0.001	0.095	0.036	0.001	0.842
neutral	0.020	0.000	0.001	0.162	0.025	0.001	0.792
neutral	0.028	0.000	0.000	0.154	0.030	0.001	0.787
neutral	0.036	0.000	0.000	0.204	0.031	0.000	0.728
neutral	0.028	0.000	0.003	0.065	0.103	0.000	0.801
neutral	0.031	0.000	0.001	0.220	0.049	0.000	0.699
neutral	0.020	0.000	0.001	0.237	0.033	0.001	0.709
neutral	0.018	0.000	0.001	0.200	0.023	0.000	0.758
neutral	0.022	0.000	0.000	0.206	0.018	0.000	0.754
neutral	0.016	0.000	0.000	0.154	0.017	0.000	0.813
neutral	0.014	0.000	0.001	0.239	0.024	0.000	0.722
neutral	0.011	0.000	0.000	0.224	0.019	0.001	0.745
neutral	0.008	0.000	0.000	0.251	0.011	0.000	0.729
neutral	0.008	0.000	0.000	0.352	0.012	0.001	0.626
neutral	0.005	0.000	0.000	0.311	0.008	0.001	0.675
neutral	0.013	0.000	0.001	0.209	0.019	0.000	0.757
neutral	0.008	0.000	0.001	0.268	0.011	0.001	0.712
neutral	0.011	0.000	0.000	0.214	0.012	0.002	0.761
neutral	0.019	0.000	0.001	0.164	0.022	0.001	0.793
neutral	0.017	0.000	0.001	0.142	0.031	0.001	0.808
neutral	0.015	0.000	0.001	0.102	0.032	0.001	0.849
neutral	0.011	0.000	0.001	0.072	0.026	0.001	0.889
neutral	0.020	0.000	0.001	0.070	0.041	0.001	0.866
neutral	0.017	0.000	0.003	0.021	0.118	0.001	0.840
neutral	0.034	0.001	0.007	0.014	0.236	0.001	0.708
neutral	0.007	0.000	0.002	0.056	0.070	0.001	0.863
neutral	0.025	0.000	0.002	0.041	0.063	0.001	0.868
neutral	0.020	0.000	0.002	0.040	0.066	0.002	0.870
neutral	0.018	0.000	0.001	0.059	0.063	0.001	0.858
neutral	0.019	0.000	0.001	0.054	0.046	0.002	0.878
neutral	0.014	0.000	0.002	0.061	0.049	0.001	0.873
neutral	0.018	0.000	0.001	0.051	0.044	0.001	0.885
neutral	0.029	0.000	0.001	0.050	0.047	0.001	0.872
neutral	0.022	0.000	0.001	0.050	0.035	0.001	0.891
neutral	0.018	0.000	0.001	0.047	0.028	0.001	0.905
neutral	0.012	0.000	0.002	0.029	0.031	0.001	0.925
neutral	0.014	0.000	0.001	0.036	0.039	0.000	0.909
neutral	0.042	0.000	0.001	0.046	0.067	0.001	0.843
neutral	0.027	0.000	0.001	0.063	0.036	0.001	0.872
neutral	0.017	0.000	0.001	0.051	0.029	0.001	0.901
neutral	0.032	0.000	0.002	0.043	0.059	0.001	0.862
neutral	0.043	0.000	0.002	0.059	0.084	0.000	0.812
neutral	0.028	0.000	0.001	0.082	0.038	0.001	0.850
neutral	0.034	0.000	0.001	0.047	0.048	0.001	0.868
neutral	0.025	0.000	0.001	0.071	0.025	0.001	0.877
neutral	0.023	0.001	0.005	0.022	0.158	0.001	0.790
neutral	0.033	0.001	0.006	0.019	0.229	0.000	0.711
neutral	0.015	0.001	0.003	0.035	0.106	0.001	0.840
neutral	0.016	0.001	0.003	0.051	0.077	0.001	0.852
neutral	0.086	0.001	0.005	0.035	0.174	0.001	0.699
neutral	0.025	0.000	0.002	0.050	0.059	0.001	0.863
neutral	0.021	0.000	0.002	0.033	0.042	0.001	0.901
neutral	0.023	0.000	0.001	0.057	0.060	0.001	0.858
neutral	0.026	0.000	0.002	0.040	0.062	0.000	0.869
neutral	0.020	0.000	0.002	0.063	0.078	0.000	0.837
neutral	0.023	0.000	0.001	0.031	0.038	0.000	0.907
neutral	0.034	0.000	0.001	0.043	0.039	0.000	0.883
neutral	0.032	0.000	0.001	0.046	0.076	0.000	0.844
neutral	0.026	0.000	0.001	0.026	0.038	0.001	0.908
neutral	0.042	0.000	0.001	0.042	0.060	0.000	0.855
neutral	0.029	0.000	0.001	0.069	0.050	0.001	0.850
neutral	0.030	0.000	0.001	0.062	0.042	0.001	0.865
neutral	0.019	0.000	0.001	0.051	0.051	0.001	0.877
neutral	0.033	0.000	0.001	0.049	0.050	0.000	0.867
neutral	0.025	0.000	0.001	0.091	0.025	0.001	0.858
neutral	0.025	0.000	0.001	0.120	0.039	0.001	0.814
neutral	0.084	0.000	0.001	0.039	0.081	0.001	0.795
neutral	0.023	0.001	0.004	0.031	0.127	0.001	0.813
neutral	0.018	0.001	0.005	0.025	0.150	0.001	0.801
neutral	0.036	0.002	0.008	0.024	0.258	0.001	0.671
neutral	0.021	0.000	0.002	0.080	0.090	0.001	0.807
neutral	0.021	0.000	0.002	0.087	0.077	0.001	0.813
neutral	0.026	0.001	0.002	0.071	0.080	0.001	0.820
neutral	0.023	0.000	0.001	0.066	0.065	0.001	0.844
neutral	0.042	0.001	0.008	0.017	0.297	0.001	0.634
neutral	0.022	0.000	0.003	0.035	0.130	0.001	0.809
neutral	0.016	0.002	0.002	0.014	0.173	0.001	0.793
neutral	0.027	0.001	0.002	0.007	0.152	0.001	0.810
neutral	0.033	0.005	0.001	0.007	0.174	0.000	0.781
neutral	0.064	0.001	0.004	0.007	0.190	0.000	0.734
neutral	0.060	0.001	0.003	0.013	0.149	0.000	0.774
neutral	0.041	0.001	0.006	0.009	0.185	0.001	0.756
neutral	0.049	0.001	0.004	0.009	0.189	0.000	0.747
neutral	0.066	0.001	0.003	0.013	0.192	0.000	0.725
neutral	0.053	0.001	0.002	0.011	0.172	0.001	0.759
neutral	0.071	0.001	0.002	0.016	0.166	0.000	0.744
neutral	0.058	0.000	0.002	0.011	0.129	0.002	0.798
neutral	0.063	0.000	0.002	0.019	0.127	0.000	0.788
neutral	0.087	0.001	0.002	0.019	0.116	0.001	0.774
neutral	0.079	0.001	0.002	0.024	0.143	0.001	0.751
neutral	0.083	0.001	0.002	0.019	0.133	0.001	0.761
neutral	0.055	0.000	0.001	0.018	0.119	0.000	0.805
neutral	0.056	0.001	0.001	0.024	0.113	0.001	0.805
neutral	0.051	0.000	0.001	0.024	0.079	0.001	0.844
neutral	0.088	0.000	0.003	0.008	0.188	0.001	0.711
neutral	0.060	0.000	0.002	0.009	0.174	0.001	0.755
neutral	0.078	0.002	0.002	0.023	0.138	0.000	0.757
neutral	0.081	0.000	0.002	0.032	0.122	0.001	0.763
neutral	0.072	0.000	0.001	0.023	0.121	0.001	0.782
neutral	0.068	0.000	0.002	0.026	0.100	0.001	0.804
neutral	0.107	0.001	0.001	0.017	0.274	0.000	0.599
neutral	0.064	0.001	0.002	0.022	0.219	0.000	0.692
neutral	0.055	0.001	0.001	0.042	0.124	0.001	0.776
neutral	0.061	0.002	0.001	0.028	0.138	0.000	0.770
neutral	0.056	0.001	0.001	0.034	0.126	0.000	0.781
neutral	0.074	0.005	0.002	0.028	0.223	0.000	0.668
neutral	0.055	0.002	0.002	0.030	0.227	0.000	0.685
neutral	0.063	0.001	0.002	0.024	0.170	0.000	0.740
neutral	0.068	0.001	0.001	0.028	0.223	0.000	0.678
neutral	0.053	0.002	0.001	0.036	0.135	0.000	0.774
neutral	0.060	0.000	0.001	0.031	0.108	0.001	0.799
neutral	0.043	0.003	0.001	0.038	0.128	0.000	0.787
neutral	0.044	0.001	0.001	0.044	0.118	0.000	0.792
neutral	0.057	0.000	0.001	0.023	0.111	0.001	0.806
