prediction	angry	disgust	fear	happy	sad	surprise	neutral
angry	0.375	0.005	0.034	0.018	0.227	0.001	0.341
neutral	0.104	0.000	0.045	0.002	0.271	0.001	0.577
neutral	0.111	0.000	0.022	0.002	0.338	0.000	0.527
neutral	0.130	0.000	0.049	0.002	0.381	0.001	0.437
neutral	0.156	0.000	0.033	0.003	0.279	0.001	0.529
neutral	0.169	0.000	0.038	0.002	0.292	0.002	0.497
sad	0.090	0.000	0.035	0.002	0.450	0.002	0.421
sad	0.080	0.000	0.057	0.001	0.462	0.001	0.399
neutral	0.069	0.000	0.021	0.002	0.299	0.001	0.608
neutral	0.163	0.000	0.035	0.002	0.281	0.002	0.517
sad	0.138	0.000	0.033	0.003	0.416	0.001	0.409
neutral	0.139	0.000	0.034	0.002	0.412	0.001	0.412
neutral	0.112	0.000	0.046	0.002	0.327	0.001	0.512
sad	0.068	0.000	0.045	0.002	0.494	0.001	0.390
neutral	0.084	0.000	0.033	0.002	0.432	0.001	0.448
neutral	0.075	0.000	0.042	0.002	0.328	0.001	0.550
neutral	0.102	0.000	0.058	0.003	0.289	0.001	0.548
neutral	0.121	0.000	0.100	0.001	0.360	0.001	0.417
neutral	0.349	0.000	0.029	0.001	0.209	0.002	0.410
neutral	0.294	0.000	0.042	0.001	0.139	0.001	0.522
neutral	0.279	0.000	0.061	0.002	0.099	0.001	0.559
neutral	0.244	0.000	0.057	0.003	0.209	0.001	0.487
neutral	0.281	0.000	0.052	0.002	0.284	0.001	0.380
angry	0.406	0.000	0.042	0.001	0.262	0.001	0.289
neutral	0.181	0.000	0.097	0.003	0.339	0.003	0.377
neutral	0.260	0.000	0.032	0.002	0.185	0.001	0.521
neutral	0.251	0.000	0.061	0.002	0.240	0.001	0.446
neutral	0.241	0.000	0.088	0.003	0.309	0.001	0.357
neutral	0.225	0.000	0.063	0.003	0.267	0.001	0.441
neutral	0.239	0.000	0.065	0.002	0.236	0.001	0.457
neutral	0.322	0.000	0.055	0.004	0.259	0.002	0.357
neutral	0.177	0.000	0.112	0.002	0.318	0.003	0.388
neutral	0.233	0.000	0.051	0.000	0.191	0.001	0.524
neutral	0.163	0.000	0.110	0.001	0.218	0.001	0.507
neutral	0.210	0.000	0.072	0.001	0.174	0.002	0.540
neutral	0.256	0.000	0.104	0.001	0.285	0.002	0.351
neutral	0.235	0.001	0.077	0.010	0.193	0.001	0.482
neutral	0.131	0.001	0.119	0.007	0.310	0.001	0.431
neutral	0.095	0.000	0.073	0.009	0.402	0.002	0.419
neutral	0.072	0.001	0.031	0.012	0.298	0.001	0.585
neutral	0.072	0.001	0.028	0.009	0.158	0.001	0.731
neutral	0.151	0.000	0.061	0.014	0.209	0.002	0.562
neutral	0.075	0.000	0.054	0.010	0.174	0.002	0.685
sad	0.180	0.000	0.049	0.008	0.392	0.002	0.368
neutral	0.152	0.000	0.049	0.006	0.313	0.003	0.477
neutral	0.119	0.000	0.036	0.004	0.257	0.003	0.581
neutral	0.084	0.000	0.072	0.010	0.275	0.002	0.556
neutral	0.161	0.001	0.101	0.002	0.230	0.003	0.502
neutral	0.140	0.002	0.224	0.003	0.284	0.006	0.343
sad	0.194	0.001	0.222	0.005	0.345	0.016	0.218
angry	0.426	0.002	0.084	0.003	0.309	0.002	0.173
sad	0.273	0.006	0.064	0.001	0.521	0.002	0.133
sad	0.374	0.003	0.062	0.001	0.464	0.001	0.095
sad	0.347	0.000	0.081	0.001	0.493	0.001	0.077
sad	0.394	0.001	0.066	0.001	0.436	0.001	0.102
sad	0.343	0.001	0.156	0.002	0.347	0.004	0.148
sad	0.292	0.003	0.192	0.002	0.356	0.003	0.152
sad	0.233	0.003	0.217	0.002	0.351	0.001	0.194
sad	0.193	0.006	0.148	0.001	0.456	0.002	0.195
sad	0.371	0.008	0.081	0.001	0.421	0.001	0.118
sad	0.307	0.001	0.171	0.000	0.406	0.002	0.113
angry	0.440	0.002	0.122	0.002	0.278	0.001	0.155
sad	0.215	0.003	0.100	0.001	0.501	0.001	0.180
sad	0.282	0.001	0.134	0.001	0.369	0.001	0.211
sad	0.191	0.003	0.119	0.001	0.450	0.002	0.234
sad	0.224	0.002	0.158	0.001	0.504	0.001	0.111
sad	0.239	0.000	0.150	0.000	0.412	0.001	0.197
sad	0.309	0.001	0.078	0.000	0.445	0.000	0.167
sad	0.221	0.001	0.135	0.001	0.494	0.001	0.148
sad	0.225	0.002	0.132	0.001	0.506	0.001	0.134
sad	0.200	0.001	0.112	0.001	0.411	0.000	0.275
sad	0.274	0.002	0.066	0.001	0.397	0.001	0.259
angry	0.349	0.003	0.029	0.001	0.289	0.000	0.329
angry	0.474	0.001	0.043	0.000	0.340	0.000	0.141
neutral	0.292	0.001	0.041	0.004	0.302	0.002	0.358
sad	0.114	0.003	0.089	0.006	0.527	0.002	0.260
sad	0.105	0.003	0.045	0.015	0.425	0.003	0.404
neutral	0.123	0.000	0.025	0.010	0.190	0.003	0.649
neutral	0.053	0.000	0.033	0.010	0.242	0.004	0.657
neutral	0.069	0.000	0.020	0.003	0.227	0.001	0.680
neutral	0.087	0.000	0.019	0.001	0.235	0.002	0.656
neutral	0.225	0.000	0.011	0.002	0.259	0.001	0.502
neutral	0.166	0.000	0.022	0.070	0.195	0.001	0.546
neutral	0.147	0.001	0.020	0.280	0.248	0.003	0.301
happy	0.358	0.001	0.010	0.382	0.091	0.000	0.157
happy	0.050	0.001	0.005	0.838	0.020	0.000	0.086
happy	0.099	0.001	0.003	0.788	0.023	0.000	0.085
angry	0.446	0.008	0.008	0.272	0.053	0.000	0.214
angry	0.450	0.013	0.004	0.298	0.046	0.000	0.188
neutral	0.186	0.000	0.012	0.028	0.309	0.001	0.464
neutral	0.223	0.009	0.014	0.137	0.091	0.000	0.527
neutral	0.243	0.001	0.017	0.007	0.332	0.000	0.400
neutral	0.242	0.001	0.026	0.028	0.258	0.001	0.445
neutral	0.226	0.015	0.035	0.163	0.185	0.000	0.375
sad	0.126	0.000	0.027	0.034	0.453	0.001	0.359
neutral	0.179	0.000	0.011	0.010	0.398	0.000	0.402
neutral	0.117	0.005	0.011	0.212	0.120	0.000	0.534
neutral	0.135	0.003	0.009	0.344	0.078	0.000	0.431
happy	0.071	0.002	0.036	0.410	0.214	0.001	0.265
neutral	0.080	0.000	0.016	0.011	0.388	0.001	0.504
neutral	0.109	0.000	0.021	0.014	0.390	0.000	0.465
neutral	0.142	0.001	0.010	0.012	0.315	0.000	0.519
sad	0.075	0.000	0.014	0.011	0.578	0.000	0.321
sad	0.121	0.000	0.019	0.013	0.573	0.001	0.273
neutral	0.104	0.006	0.043	0.083	0.339	0.002	0.423
neutral	0.062	0.005	0.032	0.088	0.235	0.001	0.577
neutral	0.040	0.000	0.009	0.007	0.373	0.000	0.570
sad	0.155	0.005	0.022	0.081	0.372	0.000	0.364
neutral	0.084	0.000	0.018	0.008	0.375	0.000	0.514
neutral	0.084	0.000	0.011	0.007	0.382	0.000	0.516
neutral	0.085	0.005	0.026	0.022	0.215	0.000	0.647
neutral	0.127	0.028	0.037	0.067	0.363	0.000	0.379
angry	0.282	0.031	0.027	0.247	0.151	0.001	0.261
neutral	0.136	0.008	0.019	0.061	0.132	0.000	0.644
neutral	0.112	0.000	0.007	0.008	0.358	0.001	0.514
neutral	0.280	0.007	0.020	0.267	0.093	0.000	0.333
neutral	0.257	0.013	0.038	0.189	0.136	0.002	0.365
neutral	0.199	0.031	0.027	0.130	0.242	0.000	0.371
angry	0.311	0.133	0.011	0.181	0.099	0.000	0.264
neutral	0.153	0.018	0.014	0.265	0.137	0.000	0.414
neutral	0.205	0.014	0.017	0.243	0.149	0.000	0.372
sad	0.159	0.003	0.046	0.108	0.377	0.001	0.306
neutral	0.069	0.000	0.023	0.016	0.442	0.001	0.449
angry	0.349	0.014	0.050	0.122	0.171	0.001	0.295
neutral	0.067	0.002	0.043	0.058	0.284	0.001	0.545
angry	0.321	0.004	0.059	0.164	0.155	0.001	0.295
neutral	0.092	0.001	0.027	0.116	0.304	0.000	0.460
neutral	0.114	0.000	0.008	0.004	0.358	0.000	0.516
neutral	0.123	0.104	0.011	0.034	0.280	0.000	0.448
neutral	0.175	0.030	0.023	0.091	0.238	0.001	0.443
neutral	0.217	0.024	0.019	0.142	0.174	0.001	0.424
sad	0.067	0.001	0.018	0.007	0.513	0.001	0.394
sad	0.111	0.000	0.019	0.007	0.436	0.001	0.425
neutral	0.079	0.001	0.023	0.011	0.438	0.000	0.449
neutral	0.065	0.000	0.016	0.017	0.314	0.001	0.588
sad	0.115	0.002	0.039	0.055	0.454	0.001	0.334
neutral	0.131	0.001	0.040	0.056	0.263	0.001	0.508
neutral	0.121	0.004	0.048	0.073	0.285	0.001	0.468
neutral	0.122	0.004	0.052	0.080	0.242	0.002	0.499
neutral	0.259	0.002	0.023	0.120	0.155	0.001	0.441
neutral	0.123	0.001	0.023	0.131	0.258	0.000	0.464
neutral	0.307	0.004	0.027	0.061	0.152	0.001	0.449
neutral	0.256	0.002	0.016	0.033	0.273	0.000	0.420
sad	0.224	0.001	0.016	0.039	0.381	0.001	0.339
neutral	0.190	0.002	0.028	0.056	0.255	0.001	0.469
neutral	0.156	0.033	0.045	0.158	0.302	0.002	0.305
neutral	0.158	0.016	0.033	0.053	0.326	0.002	0.412
neutral	0.238	0.018	0.033	0.099	0.291	0.001	0.320
sad	0.136	0.002	0.034	0.036	0.418	0.001	0.372
sad	0.145	0.001	0.034	0.010	0.429	0.000	0.381
sad	0.091	0.000	0.024	0.009	0.453	0.001	0.422
sad	0.192	0.000	0.013	0.003	0.515	0.000	0.277
sad	0.159	0.000	0.018	0.005	0.477	0.000	0.341
sad	0.070	0.003	0.029	0.006	0.550	0.000	0.341
sad	0.152	0.001	0.029	0.012	0.548	0.001	0.259
sad	0.133	0.001	0.026	0.022	0.479	0.000	0.339
sad	0.165	0.003	0.032	0.029	0.502	0.000	0.269
sad	0.108	0.002	0.022	0.005	0.613	0.000	0.249
sad	0.105	0.005	0.026	0.012	0.549	0.000	0.302
sad	0.144	0.004	0.034	0.006	0.566	0.000	0.246
sad	0.114	0.004	0.027	0.007	0.519	0.000	0.328
sad	0.108	0.002	0.034	0.014	0.515	0.000	0.326
sad	0.120	0.001	0.025	0.010	0.451	0.000	0.393
sad	0.065	0.005	0.031	0.004	0.609	0.000	0.286
sad	0.067	0.001	0.033	0.003	0.611	0.000	0.285
sad	0.075	0.000	0.052	0.003	0.481	0.001	0.389
sad	0.062	0.000	0.031	0.005	0.665	0.000	0.236
sad	0.197	0.000	0.043	0.004	0.495	0.000	0.260
sad	0.122	0.001	0.021	0.004	0.572	0.000	0.281
neutral	0.222	0.000	0.095	0.002	0.317	0.000	0.362
neutral	0.075	0.001	0.064	0.003	0.333	0.000	0.523
neutral	0.163	0.004	0.079	0.005	0.361	0.000	0.389
sad	0.165	0.002	0.086	0.003	0.457	0.000	0.287
sad	0.193	0.013	0.088	0.010	0.361	0.000	0.335
sad	0.320	0.033	0.086	0.009	0.333	0.001	0.218
angry	0.377	0.008	0.151	0.006	0.218	0.001	0.240
neutral	0.286	0.021	0.054	0.006	0.310	0.000	0.323
neutral	0.207	0.003	0.100	0.003	0.248	0.000	0.439
neutral	0.250	0.018	0.087	0.008	0.274	0.000	0.363
neutral	0.337	0.016	0.080	0.012	0.148	0.000	0.407
happy	0.013	0.000	0.017	0.730	0.136	0.007	0.096
angry	0.378	0.018	0.108	0.010	0.169	0.000	0.316
sad	0.260	0.005	0.115	0.001	0.437	0.000	0.180
angry	0.374	0.012	0.106	0.002	0.312	0.000	0.193
sad	0.187	0.005	0.166	0.001	0.461	0.000	0.179
angry	0.390	0.035	0.174	0.005	0.223	0.000	0.174
angry	0.453	0.011	0.186	0.007	0.201	0.001	0.142
angry	0.264	0.242	0.135	0.009	0.244	0.000	0.106
sad	0.235	0.101	0.137	0.012	0.300	0.001	0.214
sad	0.091	0.007	0.162	0.003	0.597	0.000	0.140
happy	0.042	0.000	0.059	0.476	0.258	0.007	0.158
sad	0.084	0.001	0.057	0.005	0.804	0.001	0.049
sad	0.091	0.000	0.064	0.005	0.742	0.000	0.097
angry	0.458	0.002	0.085	0.002	0.385	0.000	0.068
angry	0.679	0.001	0.082	0.007	0.196	0.001	0.033
angry	0.610	0.001	0.075	0.010	0.231	0.001	0.073
angry	0.533	0.004	0.111	0.002	0.289	0.001	0.061
angry	0.665	0.001	0.076	0.005	0.201	0.000	0.052
sad	0.417	0.003	0.042	0.005	0.458	0.000	0.075
angry	0.460	0.004	0.038	0.040	0.126	0.000	0.332
neutral	0.352	0.005	0.047	0.170	0.060	0.001	0.364
angry	0.412	0.011	0.029	0.213	0.027	0.000	0.307
angry	0.359	0.008	0.036	0.146	0.096	0.000	0.354
angry	0.288	0.161	0.053	0.165	0.109	0.001	0.223
angry	0.400	0.108	0.056	0.108	0.142	0.001	0.186
angry	0.340	0.160	0.063	0.128	0.108	0.001	0.201
angry	0.347	0.058	0.067	0.228	0.091	0.001	0.209
angry	0.354	0.036	0.068	0.212	0.093	0.000	0.236
angry	0.401	0.060	0.061	0.175	0.094	0.001	0.208
angry	0.524	0.076	0.051	0.094	0.081	0.001	0.174
angry	0.331	0.071	0.044	0.160	0.113	0.000	0.280
angry	0.383	0.057	0.062	0.115	0.148	0.001	0.235
angry	0.415	0.046	0.063	0.117	0.116	0.000	0.242
angry	0.440	0.227	0.057	0.140	0.046	0.001	0.089
angry	0.537	0.103	0.055	0.083	0.086	0.001	0.136
angry	0.455	0.071	0.071	0.051	0.163	0.000	0.189
angry	0.366	0.127	0.058	0.224	0.074	0.001	0.149
angry	0.401	0.051	0.061	0.075	0.158	0.000	0.255
angry	0.540	0.070	0.055	0.101	0.103	0.001	0.131
angry	0.428	0.074	0.065	0.113	0.131	0.001	0.188
angry	0.440	0.067	0.085	0.064	0.173	0.000	0.170
angry	0.511	0.119	0.064	0.085	0.092	0.000	0.127
angry	0.474	0.186	0.063	0.086	0.102	0.001	0.089
angry	0.276	0.077	0.097	0.098	0.188	0.000	0.264
angry	0.335	0.088	0.057	0.120	0.175	0.000	0.225
angry	0.330	0.085	0.071	0.018	0.273	0.000	0.223
angry	0.275	0.067	0.069	0.095	0.231	0.000	0.263
sad	0.238	0.054	0.068	0.054	0.308	0.000	0.278
neutral	0.252	0.044	0.085	0.045	0.269	0.000	0.304
angry	0.324	0.083	0.107	0.040	0.256	0.000	0.189
angry	0.291	0.059	0.085	0.014	0.290	0.000	0.261
angry	0.441	0.036	0.089	0.025	0.236	0.001	0.172
sad	0.201	0.044	0.072	0.016	0.370	0.000	0.298
sad	0.196	0.025	0.066	0.011	0.362	0.000	0.340
sad	0.294	0.047	0.089	0.014	0.305	0.000	0.250
angry	0.349	0.137	0.068	0.022	0.262	0.000	0.163
angry	0.372	0.072	0.098	0.013	0.303	0.000	0.141
angry	0.380	0.074	0.111	0.020	0.282	0.000	0.133
angry	0.344	0.177	0.079	0.008	0.241	0.000	0.150
angry	0.446	0.058	0.098	0.010	0.244	0.000	0.143
angry	0.370	0.025	0.088	0.004	0.327	0.000	0.185
angry	0.381	0.035	0.093	0.005	0.361	0.000	0.125
sad	0.343	0.038	0.091	0.004	0.372	0.000	0.151
angry	0.351	0.103	0.073	0.006	0.300	0.000	0.166
sad	0.315	0.063	0.082	0.004	0.395	0.000	0.141
sad	0.332	0.052	0.090	0.008	0.387	0.000	0.131
sad	0.331	0.080	0.111	0.010	0.369	0.000	0.099
angry	0.403	0.295	0.089	0.018	0.122	0.000	0.072
angry	0.475	0.028	0.085	0.006	0.337	0.000	0.068
angry	0.408	0.058	0.118	0.010	0.284	0.000	0.122
angry	0.429	0.056	0.114	0.007	0.309	0.000	0.083
angry	0.496	0.115	0.079	0.027	0.181	0.000	0.102
sad	0.323	0.030	0.086	0.003	0.434	0.001	0.123
angry	0.474	0.028	0.110	0.012	0.282	0.001	0.092
angry	0.358	0.019	0.162	0.013	0.308	0.000	0.139
sad	0.316	0.097	0.079	0.003	0.406	0.000	0.100
angry	0.443	0.028	0.093	0.018	0.284	0.001	0.134
neutral	0.045	0.000	0.021	0.240	0.138	0.009	0.547
sad	0.341	0.008	0.058	0.006	0.377	0.000	0.210
angry	0.410	0.037	0.103	0.007	0.322	0.001	0.122
angry	0.440	0.026	0.067	0.005	0.272	0.001	0.189
angry	0.394	0.034	0.121	0.004	0.292	0.001	0.153
angry	0.496	0.150	0.110	0.010	0.153	0.001	0.081
angry	0.299	0.270	0.085	0.007	0.259	0.000	0.079
angry	0.420	0.134	0.095	0.010	0.254	0.001	0.087
disgust	0.233	0.455	0.057	0.004	0.175	0.000	0.075
disgust	0.275	0.337	0.068	0.006	0.230	0.000	0.083
neutral	0.051	0.001	0.026	0.223	0.180	0.012	0.507
sad	0.262	0.017	0.135	0.004	0.372	0.001	0.209
angry	0.392	0.062	0.092	0.013	0.297	0.001	0.143
angry	0.374	0.047	0.124	0.006	0.362	0.000	0.087
sad	0.308	0.019	0.085	0.005	0.423	0.000	0.159
happy	0.025	0.000	0.021	0.436	0.107	0.009	0.403
angry	0.345	0.012	0.059	0.004	0.323	0.000	0.256
neutral	0.040	0.001	0.032	0.226	0.156	0.013	0.532
sad	0.316	0.047	0.083	0.013	0.345	0.001	0.194
angry	0.428	0.147	0.081	0.003	0.256	0.000	0.084
angry	0.463	0.037	0.112	0.004	0.261	0.001	0.123
angry	0.515	0.057	0.094	0.007	0.229	0.001	0.097
angry	0.459	0.043	0.123	0.011	0.242	0.000	0.121
angry	0.504	0.085	0.098	0.006	0.213	0.001	0.093
neutral	0.026	0.001	0.033	0.206	0.300	0.009	0.426
angry	0.569	0.012	0.078	0.003	0.186	0.000	0.151
angry	0.471	0.194	0.100	0.006	0.149	0.001	0.078
angry	0.568	0.057	0.092	0.004	0.155	0.001	0.123
sad	0.164	0.029	0.116	0.005	0.516	0.001	0.169
angry	0.420	0.017	0.084	0.007	0.280	0.001	0.192
neutral	0.022	0.000	0.028	0.177	0.223	0.012	0.537
angry	0.411	0.008	0.104	0.008	0.289	0.000	0.180
neutral	0.015	0.000	0.029	0.124	0.138	0.015	0.679
neutral	0.210	0.000	0.051	0.013	0.176	0.001	0.549
angry	0.507	0.000	0.019	0.006	0.123	0.000	0.344
neutral	0.306	0.000	0.045	0.011	0.206	0.000	0.431
neutral	0.298	0.000	0.033	0.016	0.172	0.001	0.480
neutral	0.281	0.000	0.028	0.009	0.113	0.000	0.569
neutral	0.342	0.000	0.039	0.005	0.154	0.001	0.460
neutral	0.352	0.000	0.036	0.005	0.106	0.000	0.502
neutral	0.251	0.000	0.045	0.004	0.152	0.001	0.546
neutral	0.049	0.000	0.039	0.005	0.280	0.000	0.626
neutral	0.240	0.000	0.023	0.001	0.269	0.001	0.466
sad	0.208	0.000	0.028	0.004	0.393	0.000	0.367
neutral	0.218	0.000	0.035	0.002	0.278	0.001	0.467
neutral	0.220	0.000	0.054	0.004	0.322	0.001	0.400
neutral	0.208	0.000	0.044	0.003	0.317	0.002	0.426
neutral	0.184	0.000	0.047	0.001	0.271	0.000	0.497
neutral	0.196	0.000	0.049	0.002	0.292	0.001	0.461
neutral	0.248	0.000	0.066	0.002	0.305	0.000	0.379
angry	0.320	0.000	0.093	0.002	0.292	0.001	0.291
neutral	0.263	0.000	0.102	0.001	0.240	0.000	0.394
neutral	0.150	0.000	0.063	0.002	0.179	0.000	0.605
neutral	0.252	0.000	0.082	0.001	0.306	0.001	0.358
neutral	0.174	0.000	0.082	0.003	0.202	0.000	0.537
neutral	0.227	0.000	0.065	0.005	0.241	0.000	0.462
neutral	0.168	0.000	0.101	0.003	0.254	0.001	0.472
neutral	0.274	0.002	0.096	0.004	0.191	0.001	0.433
neutral	0.264	0.001	0.074	0.003	0.238	0.001	0.419
neutral	0.195	0.000	0.160	0.004	0.258	0.001	0.381
neutral	0.287	0.001	0.114	0.007	0.289	0.001	0.302
neutral	0.136	0.000	0.113	0.001	0.335	0.001	0.414
angry	0.399	0.001	0.133	0.005	0.234	0.001	0.227
neutral	0.194	0.004	0.102	0.004	0.279	0.001	0.416
neutral	0.222	0.001	0.096	0.005	0.286	0.001	0.388
neutral	0.213	0.003	0.117	0.005	0.225	0.002	0.436
neutral	0.212	0.001	0.144	0.006	0.244	0.002	0.391
neutral	0.270	0.001	0.163	0.007	0.231	0.002	0.326
neutral	0.287	0.000	0.109	0.003	0.237	0.001	0.363
neutral	0.212	0.000	0.191	0.003	0.254	0.002	0.338
neutral	0.264	0.000	0.118	0.002	0.258	0.001	0.356
neutral	0.252	0.001	0.094	0.005	0.254	0.001	0.392
neutral	0.247	0.000	0.142	0.002	0.243	0.001	0.365
neutral	0.220	0.001	0.080	0.001	0.339	0.001	0.358
neutral	0.269	0.002	0.104	0.005	0.260	0.001	0.359
neutral	0.244	0.000	0.092	0.002	0.301	0.001	0.359
neutral	0.233	0.000	0.121	0.003	0.262	0.001	0.380
neutral	0.287	0.000	0.094	0.002	0.303	0.002	0.311
neutral	0.227	0.000	0.049	0.002	0.279	0.002	0.441
angry	0.336	0.000	0.103	0.006	0.229	0.002	0.324
angry	0.374	0.000	0.041	0.002	0.216	0.002	0.365
neutral	0.254	0.000	0.110	0.002	0.284	0.001	0.349
sad	0.286	0.003	0.082	0.004	0.314	0.001	0.310
neutral	0.245	0.000	0.047	0.001	0.292	0.001	0.413
neutral	0.268	0.002	0.085	0.006	0.278	0.001	0.360
sad	0.206	0.000	0.085	0.002	0.364	0.001	0.341
sad	0.218	0.000	0.101	0.003	0.351	0.002	0.326
happy	0.016	0.000	0.008	0.466	0.075	0.035	0.400
neutral	0.233	0.000	0.038	0.002	0.272	0.001	0.454
neutral	0.272	0.001	0.040	0.001	0.211	0.000	0.474
sad	0.293	0.003	0.058	0.001	0.373	0.000	0.271
neutral	0.209	0.005	0.095	0.002	0.260	0.001	0.428
neutral	0.248	0.001	0.091	0.003	0.254	0.001	0.402
neutral	0.171	0.000	0.089	0.002	0.282	0.000	0.455
neutral	0.194	0.000	0.139	0.002	0.322	0.002	0.342
sad	0.204	0.000	0.081	0.001	0.449	0.001	0.264
neutral	0.256	0.002	0.089	0.003	0.301	0.001	0.348
neutral	0.316	0.000	0.089	0.005	0.234	0.002	0.354
neutral	0.191	0.001	0.051	0.002	0.272	0.001	0.482
neutral	0.215	0.000	0.075	0.003	0.323	0.001	0.383
sad	0.317	0.000	0.070	0.002	0.324	0.001	0.285
neutral	0.229	0.001	0.159	0.004	0.285	0.001	0.321
neutral	0.234	0.001	0.066	0.003	0.224	0.001	0.472
neutral	0.278	0.006	0.080	0.002	0.300	0.001	0.334
neutral	0.241	0.003	0.104	0.004	0.237	0.001	0.409
neutral	0.205	0.003	0.113	0.004	0.283	0.001	0.391
sad	0.240	0.002	0.116	0.002	0.344	0.001	0.294
neutral	0.285	0.002	0.091	0.002	0.197	0.000	0.422
sad	0.313	0.004	0.081	0.002	0.343	0.001	0.256
sad	0.163	0.001	0.119	0.001	0.434	0.001	0.281
sad	0.226	0.001	0.136	0.001	0.349	0.000	0.286
angry	0.347	0.002	0.072	0.001	0.292	0.001	0.286
sad	0.293	0.006	0.083	0.001	0.345	0.001	0.272
sad	0.265	0.002	0.096	0.001	0.393	0.000	0.242
sad	0.235	0.002	0.165	0.002	0.324	0.001	0.272
neutral	0.324	0.001	0.085	0.002	0.242	0.001	0.346
sad	0.248	0.001	0.188	0.001	0.406	0.000	0.156
angry	0.488	0.001	0.078	0.000	0.259	0.000	0.172
sad	0.283	0.000	0.096	0.001	0.390	0.000	0.230
sad	0.297	0.002	0.178	0.002	0.319	0.001	0.203
sad	0.306	0.002	0.102	0.001	0.377	0.001	0.210
sad	0.291	0.003	0.098	0.001	0.328	0.000	0.279
angry	0.453	0.002	0.065	0.001	0.167	0.000	0.310
sad	0.185	0.001	0.177	0.000	0.508	0.000	0.130
sad	0.269	0.001	0.140	0.001	0.361	0.000	0.227
sad	0.198	0.001	0.157	0.002	0.331	0.000	0.310
sad	0.305	0.003	0.131	0.001	0.415	0.000	0.144
angry	0.342	0.002	0.082	0.001	0.270	0.000	0.303
angry	0.314	0.004	0.110	0.001	0.310	0.000	0.260
sad	0.259	0.001	0.184	0.001	0.353	0.000	0.202
sad	0.206	0.001	0.151	0.000	0.498	0.000	0.144
angry	0.492	0.005	0.093	0.004	0.240	0.000	0.167
angry	0.465	0.019	0.043	0.005	0.305	0.000	0.162
angry	0.573	0.011	0.037	0.003	0.172	0.000	0.204
angry	0.484	0.010	0.083	0.007	0.223	0.001	0.192
angry	0.492	0.052	0.062	0.012	0.143	0.001	0.239
neutral	0.014	0.000	0.019	0.118	0.338	0.006	0.505
angry	0.439	0.012	0.081	0.005	0.187	0.000	0.277
angry	0.452	0.003	0.068	0.001	0.256	0.000	0.221
angry	0.392	0.007	0.062	0.000	0.361	0.000	0.177
sad	0.254	0.002	0.068	0.001	0.351	0.000	0.323
sad	0.322	0.006	0.102	0.001	0.354	0.000	0.213
angry	0.332	0.002	0.068	0.001	0.324	0.001	0.272
neutral	0.016	0.000	0.018	0.222	0.144	0.003	0.596
sad	0.287	0.006	0.060	0.001	0.324	0.001	0.321
neutral	0.196	0.025	0.073	0.003	0.328	0.000	0.374
angry	0.382	0.018	0.067	0.003	0.294	0.000	0.235
sad	0.328	0.009	0.078	0.004	0.370	0.000	0.210
sad	0.274	0.019	0.051	0.002	0.373	0.000	0.280
sad	0.275	0.027	0.119	0.009	0.286	0.001	0.283
angry	0.335	0.034	0.076	0.008	0.284	0.001	0.263
sad	0.327	0.022	0.078	0.004	0.337	0.000	0.232
angry	0.338	0.015	0.078	0.002	0.305	0.000	0.261
angry	0.431	0.024	0.050	0.006	0.207	0.000	0.282
neutral	0.251	0.109	0.049	0.006	0.262	0.000	0.323
sad	0.174	0.158	0.098	0.002	0.390	0.001	0.177
neutral	0.180	0.216	0.064	0.006	0.255	0.000	0.278
sad	0.225	0.198	0.086	0.003	0.329	0.000	0.159
neutral	0.266	0.093	0.095	0.018	0.200	0.000	0.327
angry	0.364	0.054	0.061	0.010	0.284	0.000	0.226
angry	0.403	0.064	0.051	0.014	0.246	0.000	0.221
sad	0.196	0.092	0.158	0.005	0.394	0.000	0.154
sad	0.193	0.254	0.087	0.004	0.333	0.000	0.129
disgust	0.203	0.461	0.041	0.001	0.228	0.000	0.066
sad	0.179	0.142	0.112	0.002	0.459	0.000	0.106
sad	0.226	0.045	0.127	0.004	0.392	0.000	0.205
sad	0.246	0.231	0.088	0.004	0.298	0.000	0.133
disgust	0.148	0.442	0.056	0.001	0.280	0.000	0.072
neutral	0.018	0.000	0.013	0.158	0.262	0.004	0.546
sad	0.284	0.073	0.094	0.007	0.316	0.001	0.225
sad	0.265	0.056	0.136	0.004	0.362	0.000	0.176
sad	0.250	0.074	0.121	0.004	0.418	0.001	0.132
sad	0.240	0.146	0.104	0.011	0.342	0.001	0.156
sad	0.253	0.166	0.105	0.002	0.353	0.000	0.121
sad	0.220	0.114	0.116	0.003	0.461	0.001	0.086
sad	0.253	0.179	0.120	0.001	0.385	0.000	0.062
sad	0.249	0.143	0.102	0.002	0.413	0.000	0.090
sad	0.216	0.118	0.116	0.003	0.427	0.001	0.121
sad	0.209	0.025	0.146	0.001	0.521	0.000	0.097
sad	0.225	0.116	0.120	0.004	0.404	0.000	0.130
sad	0.263	0.031	0.138	0.003	0.427	0.001	0.138
sad	0.197	0.143	0.147	0.002	0.436	0.000	0.076
sad	0.260	0.059	0.153	0.002	0.401	0.001	0.123
sad	0.242	0.163	0.103	0.001	0.373	0.000	0.117
sad	0.214	0.050	0.203	0.003	0.427	0.001	0.103
sad	0.243	0.086	0.061	0.001	0.510	0.000	0.099
sad	0.295	0.145	0.081	0.003	0.335	0.001	0.140
