prediction	angry	disgust	fear	happy	sad	surprise	neutral
neutral	0.345	0.000	0.027	0.123	0.049	0.020	0.437
neutral	0.329	0.000	0.016	0.040	0.046	0.003	0.565
angry	0.504	0.000	0.020	0.031	0.050	0.005	0.390
angry	0.626	0.000	0.013	0.019	0.041	0.008	0.293
angry	0.540	0.000	0.017	0.022	0.053	0.010	0.358
angry	0.619	0.000	0.013	0.012	0.039	0.003	0.313
angry	0.611	0.000	0.013	0.011	0.056	0.001	0.308
angry	0.534	0.000	0.030	0.017	0.063	0.004	0.351
angry	0.536	0.000	0.035	0.023	0.051	0.006	0.350
angry	0.594	0.002	0.056	0.007	0.124	0.000	0.217
angry	0.664	0.001	0.044	0.003	0.129	0.000	0.158
angry	0.563	0.000	0.011	0.018	0.060	0.001	0.346
angry	0.484	0.000	0.012	0.011	0.094	0.001	0.398
angry	0.652	0.000	0.029	0.010	0.048	0.003	0.258
angry	0.515	0.000	0.024	0.031	0.083	0.001	0.346
angry	0.696	0.000	0.022	0.013	0.062	0.001	0.206
angry	0.459	0.000	0.042	0.048	0.112	0.003	0.337
angry	0.547	0.000	0.018	0.012	0.065	0.013	0.345
angry	0.520	0.000	0.018	0.020	0.112	0.001	0.329
angry	0.580	0.000	0.019	0.009	0.068	0.004	0.320
angry	0.625	0.000	0.014	0.005	0.063	0.003	0.290
angry	0.746	0.000	0.011	0.002	0.045	0.004	0.192
angry	0.651	0.000	0.015	0.011	0.090	0.002	0.231
angry	0.608	0.000	0.033	0.012	0.123	0.004	0.219
angry	0.645	0.000	0.013	0.008	0.081	0.002	0.251
angry	0.533	0.000	0.022	0.006	0.063	0.007	0.369
angry	0.583	0.000	0.021	0.012	0.080	0.006	0.298
angry	0.457	0.000	0.024	0.010	0.088	0.004	0.417
angry	0.665	0.000	0.016	0.006	0.061	0.002	0.251
angry	0.453	0.000	0.033	0.012	0.066	0.009	0.427
angry	0.565	0.000	0.038	0.007	0.076	0.002	0.313
angry	0.567	0.000	0.020	0.004	0.057	0.003	0.349
angry	0.637	0.000	0.020	0.003	0.071	0.006	0.262
angry	0.601	0.000	0.012	0.004	0.058	0.002	0.323
angry	0.681	0.000	0.024	0.005	0.052	0.008	0.229
angry	0.534	0.000	0.017	0.022	0.063	0.005	0.358
angry	0.586	0.000	0.011	0.006	0.065	0.007	0.325
angry	0.595	0.000	0.016	0.003	0.096	0.003	0.287
angry	0.479	0.000	0.010	0.008	0.072	0.005	0.426
angry	0.641	0.000	0.019	0.003	0.097	0.003	0.237
angry	0.532	0.000	0.020	0.002	0.120	0.003	0.323
angry	0.628	0.000	0.011	0.004	0.071	0.004	0.281
angry	0.657	0.000	0.015	0.005	0.094	0.003	0.227
angry	0.659	0.000	0.012	0.004	0.064	0.004	0.257
angry	0.661	0.000	0.010	0.009	0.081	0.003	0.235
angry	0.466	0.000	0.012	0.005	0.097	0.011	0.409
angry	0.651	0.000	0.008	0.004	0.093	0.002	0.242
angry	0.516	0.000	0.012	0.010	0.127	0.009	0.326
angry	0.514	0.000	0.012	0.004	0.160	0.009	0.302
angry	0.598	0.000	0.043	0.004	0.101	0.006	0.248
angry	0.560	0.000	0.019	0.005	0.166	0.005	0.245
angry	0.578	0.000	0.048	0.006	0.083	0.013	0.272
angry	0.551	0.000	0.035	0.008	0.098	0.010	0.298
angry	0.593	0.000	0.070	0.002	0.074	0.007	0.254
angry	0.632	0.000	0.022	0.007	0.117	0.008	0.214
angry	0.704	0.000	0.015	0.004	0.098	0.005	0.174
angry	0.586	0.000	0.026	0.008	0.119	0.013	0.249
angry	0.687	0.000	0.010	0.003	0.090	0.007	0.203
angry	0.671	0.000	0.023	0.005	0.117	0.008	0.175
angry	0.789	0.000	0.008	0.003	0.064	0.005	0.131
angry	0.465	0.000	0.020	0.009	0.139	0.014	0.352
angry	0.544	0.000	0.015	0.005	0.140	0.003	0.292
angry	0.623	0.000	0.012	0.007	0.094	0.005	0.259
angry	0.650	0.000	0.023	0.005	0.086	0.005	0.231
angry	0.621	0.000	0.021	0.007	0.156	0.006	0.189
angry	0.637	0.000	0.014	0.008	0.106	0.005	0.229
angry	0.528	0.000	0.017	0.009	0.117	0.006	0.322
angry	0.556	0.000	0.023	0.006	0.168	0.010	0.238
angry	0.559	0.000	0.014	0.005	0.144	0.006	0.273
angry	0.567	0.000	0.007	0.003	0.105	0.009	0.308
angry	0.563	0.000	0.012	0.003	0.079	0.013	0.329
angry	0.572	0.000	0.011	0.002	0.135	0.013	0.266
angry	0.570	0.000	0.011	0.003	0.090	0.020	0.307
angry	0.537	0.000	0.011	0.005	0.083	0.007	0.356
angry	0.546	0.000	0.010	0.004	0.140	0.011	0.289
angry	0.548	0.001	0.017	0.005	0.152	0.002	0.275
angry	0.461	0.000	0.015	0.002	0.157	0.003	0.362
angry	0.562	0.000	0.021	0.002	0.099	0.005	0.310
angry	0.488	0.001	0.010	0.002	0.128	0.003	0.368
angry	0.414	0.000	0.017	0.001	0.155	0.005	0.408
angry	0.595	0.000	0.008	0.002	0.101	0.004	0.289
angry	0.600	0.000	0.013	0.002	0.120	0.005	0.260
angry	0.520	0.000	0.014	0.002	0.173	0.005	0.285
angry	0.571	0.000	0.019	0.005	0.129	0.016	0.260
angry	0.620	0.000	0.012	0.004	0.147	0.003	0.215
angry	0.605	0.000	0.023	0.006	0.173	0.003	0.191
neutral	0.395	0.000	0.020	0.012	0.139	0.011	0.423
angry	0.690	0.001	0.018	0.002	0.128	0.003	0.157
angry	0.494	0.000	0.016	0.006	0.147	0.008	0.329
angry	0.492	0.000	0.024	0.009	0.161	0.006	0.309
angry	0.591	0.000	0.015	0.005	0.104	0.006	0.279
angry	0.574	0.000	0.011	0.004	0.112	0.002	0.296
angry	0.571	0.000	0.015	0.004	0.154	0.007	0.249
angry	0.591	0.000	0.013	0.004	0.102	0.005	0.284
angry	0.503	0.000	0.024	0.010	0.132	0.012	0.318
angry	0.733	0.000	0.018	0.005	0.076	0.006	0.162
angry	0.702	0.000	0.009	0.003	0.073	0.011	0.202
angry	0.622	0.000	0.036	0.005	0.104	0.005	0.229
angry	0.543	0.000	0.016	0.019	0.127	0.008	0.287
angry	0.566	0.000	0.030	0.012	0.096	0.008	0.289
angry	0.620	0.000	0.009	0.005	0.092	0.004	0.269
angry	0.607	0.000	0.008	0.005	0.108	0.003	0.268
angry	0.679	0.001	0.023	0.003	0.080	0.009	0.206
angry	0.612	0.000	0.130	0.013	0.079	0.024	0.140
angry	0.524	0.000	0.016	0.009	0.134	0.003	0.313
angry	0.472	0.001	0.031	0.015	0.052	0.019	0.411
angry	0.339	0.002	0.134	0.270	0.046	0.066	0.144
angry	0.561	0.002	0.109	0.013	0.205	0.001	0.109
angry	0.570	0.002	0.063	0.006	0.173	0.000	0.185
neutral	0.304	0.000	0.039	0.032	0.100	0.001	0.525
angry	0.558	0.001	0.063	0.037	0.123	0.001	0.218
angry	0.572	0.009	0.043	0.129	0.094	0.011	0.142
angry	0.666	0.004	0.028	0.086	0.049	0.009	0.158
angry	0.646	0.000	0.014	0.025	0.044	0.007	0.263
angry	0.662	0.001	0.023	0.038	0.057	0.028	0.191
angry	0.574	0.012	0.043	0.126	0.037	0.019	0.189
angry	0.575	0.008	0.021	0.037	0.045	0.021	0.293
angry	0.639	0.002	0.018	0.011	0.055	0.019	0.257
angry	0.681	0.001	0.031	0.036	0.034	0.004	0.214
angry	0.466	0.001	0.050	0.238	0.050	0.016	0.179
angry	0.444	0.001	0.079	0.245	0.045	0.073	0.113
angry	0.665	0.001	0.028	0.041	0.051	0.023	0.190
angry	0.535	0.000	0.021	0.087	0.040	0.021	0.296
angry	0.704	0.000	0.016	0.028	0.068	0.010	0.173
angry	0.570	0.000	0.036	0.131	0.061	0.027	0.174
angry	0.364	0.000	0.060	0.338	0.028	0.039	0.171
angry	0.509	0.003	0.061	0.091	0.035	0.108	0.194
angry	0.474	0.001	0.126	0.147	0.030	0.095	0.126
surprise	0.289	0.001	0.217	0.062	0.035	0.367	0.028
fear	0.258	0.001	0.308	0.071	0.044	0.242	0.076
angry	0.584	0.000	0.037	0.009	0.049	0.011	0.309
angry	0.538	0.000	0.026	0.060	0.049	0.012	0.314
angry	0.561	0.000	0.020	0.026	0.051	0.006	0.336
angry	0.506	0.000	0.022	0.025	0.078	0.010	0.359
angry	0.654	0.002	0.080	0.022	0.034	0.054	0.153
angry	0.560	0.023	0.045	0.076	0.053	0.011	0.232
angry	0.624	0.001	0.061	0.014	0.231	0.001	0.069
angry	0.762	0.002	0.058	0.007	0.137	0.002	0.032
angry	0.705	0.001	0.024	0.005	0.126	0.001	0.138
angry	0.672	0.000	0.041	0.004	0.114	0.001	0.168
angry	0.662	0.005	0.084	0.045	0.059	0.011	0.134
angry	0.338	0.001	0.123	0.048	0.189	0.011	0.290
angry	0.755	0.001	0.014	0.031	0.030	0.001	0.167
angry	0.588	0.004	0.046	0.073	0.033	0.060	0.195
neutral	0.383	0.001	0.028	0.074	0.047	0.044	0.423
angry	0.385	0.000	0.057	0.154	0.071	0.044	0.290
angry	0.483	0.000	0.063	0.085	0.048	0.022	0.298
neutral	0.361	0.000	0.025	0.052	0.064	0.019	0.478
angry	0.585	0.000	0.057	0.048	0.042	0.028	0.240
angry	0.619	0.000	0.048	0.047	0.029	0.042	0.215
angry	0.593	0.000	0.081	0.023	0.047	0.031	0.225
neutral	0.385	0.000	0.031	0.026	0.115	0.002	0.441
angry	0.663	0.001	0.016	0.008	0.185	0.000	0.127
angry	0.494	0.002	0.107	0.015	0.171	0.002	0.209
angry	0.422	0.001	0.114	0.139	0.106	0.022	0.196
angry	0.440	0.001	0.253	0.073	0.126	0.078	0.030
angry	0.489	0.000	0.094	0.012	0.085	0.008	0.313
neutral	0.390	0.000	0.009	0.015	0.043	0.001	0.542
angry	0.775	0.002	0.019	0.104	0.040	0.002	0.058
angry	0.501	0.005	0.046	0.128	0.072	0.007	0.241
angry	0.579	0.001	0.037	0.150	0.100	0.010	0.123
angry	0.591	0.001	0.018	0.053	0.059	0.005	0.274
angry	0.476	0.000	0.016	0.035	0.050	0.002	0.421
angry	0.518	0.000	0.041	0.009	0.088	0.003	0.341
angry	0.618	0.000	0.084	0.024	0.065	0.078	0.130
neutral	0.311	0.000	0.027	0.044	0.099	0.007	0.511
angry	0.389	0.000	0.034	0.130	0.061	0.022	0.363
angry	0.537	0.004	0.051	0.052	0.052	0.028	0.275
angry	0.276	0.000	0.146	0.194	0.058	0.195	0.131
angry	0.542	0.002	0.077	0.071	0.045	0.071	0.191
angry	0.403	0.006	0.118	0.148	0.039	0.201	0.085
angry	0.512	0.000	0.026	0.034	0.063	0.011	0.354
neutral	0.412	0.000	0.040	0.019	0.071	0.004	0.454
angry	0.646	0.000	0.022	0.013	0.056	0.010	0.253
angry	0.434	0.000	0.069	0.091	0.034	0.052	0.319
angry	0.620	0.000	0.042	0.021	0.048	0.018	0.250
angry	0.721	0.000	0.016	0.012	0.027	0.013	0.211
angry	0.595	0.000	0.019	0.014	0.039	0.007	0.327
angry	0.504	0.000	0.049	0.030	0.035	0.032	0.350
neutral	0.338	0.003	0.030	0.185	0.037	0.030	0.377
angry	0.390	0.001	0.052	0.099	0.080	0.068	0.311
angry	0.456	0.000	0.021	0.031	0.055	0.005	0.431
angry	0.442	0.004	0.035	0.176	0.059	0.028	0.255
angry	0.622	0.004	0.055	0.112	0.052	0.046	0.109
angry	0.578	0.007	0.077	0.111	0.054	0.068	0.105
angry	0.446	0.002	0.117	0.103	0.051	0.120	0.161
angry	0.483	0.002	0.065	0.054	0.059	0.053	0.284
angry	0.611	0.000	0.023	0.008	0.051	0.007	0.300
angry	0.680	0.000	0.023	0.007	0.098	0.006	0.187
angry	0.442	0.000	0.033	0.018	0.162	0.005	0.340
angry	0.604	0.000	0.081	0.036	0.078	0.021	0.180
angry	0.614	0.000	0.025	0.013	0.114	0.010	0.224
angry	0.635	0.000	0.026	0.015	0.113	0.010	0.201
angry	0.487	0.000	0.019	0.020	0.096	0.007	0.372
angry	0.683	0.000	0.019	0.006	0.113	0.007	0.173
angry	0.647	0.000	0.013	0.006	0.104	0.005	0.225
angry	0.657	0.000	0.021	0.008	0.096	0.007	0.211
angry	0.509	0.000	0.027	0.018	0.108	0.004	0.335
angry	0.601	0.000	0.012	0.012	0.079	0.012	0.284
angry	0.539	0.000	0.016	0.005	0.103	0.008	0.329
angry	0.682	0.000	0.013	0.003	0.095	0.005	0.202
angry	0.607	0.000	0.012	0.005	0.070	0.007	0.299
angry	0.403	0.000	0.058	0.015	0.190	0.011	0.322
angry	0.571	0.000	0.007	0.005	0.049	0.017	0.350
angry	0.658	0.000	0.027	0.005	0.101	0.008	0.201
angry	0.686	0.000	0.016	0.002	0.089	0.006	0.201
angry	0.689	0.000	0.025	0.003	0.095	0.007	0.181
angry	0.572	0.000	0.032	0.004	0.110	0.011	0.271
angry	0.679	0.000	0.024	0.010	0.094	0.009	0.185
neutral	0.439	0.000	0.018	0.003	0.083	0.015	0.443
angry	0.682	0.000	0.018	0.003	0.100	0.007	0.190
angry	0.474	0.000	0.045	0.007	0.164	0.015	0.294
angry	0.564	0.000	0.023	0.003	0.123	0.008	0.279
angry	0.611	0.000	0.014	0.006	0.103	0.005	0.261
angry	0.742	0.001	0.010	0.003	0.103	0.002	0.140
angry	0.664	0.000	0.014	0.003	0.111	0.004	0.205
angry	0.729	0.000	0.010	0.002	0.105	0.002	0.151
angry	0.713	0.000	0.015	0.002	0.109	0.003	0.156
angry	0.646	0.000	0.016	0.006	0.094	0.004	0.234
angry	0.736	0.000	0.021	0.003	0.075	0.005	0.160
angry	0.542	0.000	0.019	0.006	0.095	0.003	0.334
angry	0.802	0.000	0.023	0.002	0.069	0.006	0.098
angry	0.692	0.000	0.018	0.002	0.067	0.006	0.215
angry	0.742	0.000	0.028	0.002	0.070	0.007	0.151
angry	0.727	0.000	0.011	0.004	0.065	0.005	0.188
angry	0.630	0.000	0.011	0.002	0.162	0.003	0.191
angry	0.676	0.000	0.013	0.005	0.086	0.003	0.216
angry	0.721	0.000	0.013	0.005	0.078	0.008	0.175
angry	0.696	0.000	0.011	0.004	0.072	0.009	0.209
angry	0.610	0.000	0.028	0.012	0.117	0.007	0.226
angry	0.830	0.001	0.019	0.001	0.067	0.004	0.078
angry	0.704	0.000	0.017	0.003	0.065	0.015	0.196
angry	0.567	0.000	0.016	0.004	0.119	0.004	0.291
angry	0.662	0.001	0.017	0.002	0.155	0.002	0.162
angry	0.593	0.000	0.019	0.003	0.176	0.004	0.205
angry	0.657	0.000	0.028	0.002	0.158	0.002	0.153
angry	0.641	0.000	0.030	0.001	0.159	0.001	0.168
angry	0.659	0.000	0.018	0.001	0.114	0.001	0.207
angry	0.467	0.001	0.032	0.004	0.193	0.003	0.300
angry	0.442	0.000	0.032	0.003	0.203	0.005	0.314
angry	0.661	0.000	0.016	0.003	0.112	0.008	0.200
angry	0.531	0.000	0.019	0.001	0.184	0.005	0.259
angry	0.632	0.001	0.020	0.002	0.180	0.004	0.162
angry	0.498	0.000	0.031	0.002	0.217	0.001	0.251
angry	0.782	0.000	0.014	0.002	0.067	0.013	0.121
angry	0.630	0.000	0.021	0.002	0.097	0.004	0.245
angry	0.722	0.000	0.007	0.003	0.085	0.010	0.173
angry	0.625	0.000	0.021	0.002	0.130	0.016	0.206
angry	0.712	0.000	0.019	0.001	0.099	0.005	0.164
angry	0.647	0.000	0.013	0.002	0.096	0.005	0.237
angry	0.704	0.000	0.018	0.001	0.077	0.006	0.194
angry	0.723	0.000	0.015	0.002	0.106	0.006	0.148
angry	0.780	0.000	0.013	0.001	0.100	0.003	0.103
angry	0.814	0.000	0.013	0.001	0.086	0.003	0.084
angry	0.635	0.000	0.033	0.002	0.144	0.013	0.171
angry	0.535	0.000	0.033	0.002	0.199	0.002	0.228
angry	0.567	0.000	0.041	0.003	0.173	0.007	0.208
angry	0.555	0.001	0.042	0.002	0.216	0.009	0.177
angry	0.594	0.000	0.042	0.002	0.250	0.007	0.104
angry	0.586	0.001	0.039	0.002	0.247	0.007	0.120
angry	0.749	0.000	0.029	0.001	0.106	0.008	0.107
angry	0.647	0.000	0.056	0.002	0.175	0.003	0.117
angry	0.702	0.001	0.025	0.003	0.088	0.013	0.169
angry	0.552	0.002	0.032	0.001	0.245	0.001	0.166
angry	0.647	0.001	0.042	0.001	0.179	0.002	0.128
angry	0.581	0.001	0.030	0.001	0.231	0.001	0.156
angry	0.537	0.001	0.035	0.002	0.313	0.002	0.112
angry	0.694	0.000	0.018	0.000	0.172	0.002	0.113
angry	0.691	0.000	0.035	0.002	0.125	0.010	0.137
angry	0.691	0.000	0.019	0.002	0.135	0.005	0.147
angry	0.689	0.000	0.016	0.004	0.080	0.016	0.194
angry	0.723	0.000	0.015	0.004	0.093	0.014	0.151
angry	0.803	0.000	0.017	0.004	0.049	0.015	0.112
angry	0.715	0.000	0.013	0.003	0.053	0.015	0.201
angry	0.572	0.000	0.025	0.010	0.126	0.012	0.255
angry	0.542	0.000	0.056	0.007	0.083	0.048	0.264
angry	0.675	0.000	0.055	0.001	0.187	0.001	0.080
angry	0.567	0.001	0.064	0.002	0.267	0.001	0.100
angry	0.656	0.000	0.051	0.001	0.159	0.001	0.132
angry	0.386	0.000	0.054	0.003	0.222	0.002	0.333
angry	0.590	0.000	0.020	0.005	0.125	0.001	0.259
angry	0.542	0.000	0.051	0.003	0.198	0.002	0.203
angry	0.574	0.000	0.034	0.005	0.159	0.012	0.216
angry	0.561	0.000	0.043	0.008	0.126	0.006	0.256
angry	0.541	0.000	0.024	0.007	0.130	0.025	0.273
angry	0.552	0.000	0.045	0.010	0.143	0.026	0.223
angry	0.484	0.000	0.032	0.008	0.110	0.008	0.358
angry	0.612	0.000	0.013	0.003	0.119	0.013	0.240
neutral	0.358	0.000	0.068	0.031	0.139	0.014	0.390
angry	0.671	0.000	0.017	0.005	0.095	0.018	0.194
angry	0.607	0.002	0.044	0.000	0.305	0.000	0.042
angry	0.567	0.000	0.045	0.002	0.304	0.001	0.081
angry	0.404	0.000	0.059	0.008	0.249	0.002	0.278
neutral	0.375	0.000	0.065	0.005	0.156	0.002	0.397
neutral	0.376	0.000	0.055	0.009	0.141	0.002	0.417
neutral	0.337	0.000	0.023	0.011	0.158	0.001	0.470
angry	0.615	0.000	0.016	0.003	0.111	0.005	0.249
sad	0.323	0.000	0.078	0.001	0.496	0.000	0.101
angry	0.650	0.000	0.044	0.000	0.249	0.000	0.057
angry	0.405	0.000	0.067	0.003	0.331	0.001	0.193
angry	0.781	0.000	0.026	0.000	0.111	0.001	0.081
angry	0.583	0.000	0.062	0.003	0.165	0.002	0.185
neutral	0.300	0.000	0.052	0.005	0.140	0.002	0.500
angry	0.520	0.000	0.061	0.011	0.105	0.012	0.291
angry	0.460	0.000	0.041	0.004	0.065	0.024	0.405
angry	0.637	0.000	0.054	0.011	0.071	0.013	0.215
angry	0.608	0.000	0.028	0.004	0.147	0.007	0.206
angry	0.722	0.000	0.024	0.003	0.064	0.009	0.178
angry	0.606	0.000	0.036	0.003	0.109	0.021	0.225
angry	0.478	0.000	0.018	0.009	0.081	0.009	0.406
angry	0.598	0.000	0.026	0.005	0.053	0.019	0.299
angry	0.556	0.000	0.026	0.004	0.059	0.019	0.336
angry	0.651	0.001	0.029	0.006	0.066	0.017	0.231
angry	0.449	0.000	0.062	0.007	0.078	0.013	0.391
angry	0.749	0.000	0.042	0.006	0.039	0.028	0.137
angry	0.661	0.000	0.045	0.003	0.059	0.010	0.222
angry	0.741	0.000	0.043	0.005	0.038	0.026	0.148
angry	0.520	0.000	0.065	0.008	0.080	0.015	0.311
angry	0.561	0.000	0.065	0.008	0.072	0.007	0.287
angry	0.510	0.000	0.064	0.010	0.036	0.039	0.340
angry	0.387	0.000	0.092	0.006	0.123	0.007	0.385
angry	0.554	0.000	0.048	0.005	0.058	0.025	0.311
angry	0.480	0.000	0.025	0.003	0.069	0.008	0.414
angry	0.530	0.000	0.033	0.010	0.082	0.038	0.307
angry	0.618	0.000	0.067	0.004	0.063	0.012	0.235
angry	0.474	0.000	0.053	0.006	0.054	0.014	0.398
angry	0.571	0.000	0.036	0.002	0.116	0.007	0.268
angry	0.638	0.000	0.020	0.002	0.085	0.002	0.253
angry	0.612	0.000	0.010	0.002	0.061	0.003	0.311
angry	0.588	0.000	0.014	0.005	0.057	0.005	0.330
angry	0.505	0.000	0.048	0.004	0.065	0.014	0.363
angry	0.506	0.000	0.018	0.002	0.064	0.003	0.406
angry	0.606	0.000	0.046	0.004	0.078	0.007	0.258
angry	0.557	0.000	0.019	0.002	0.095	0.001	0.326
neutral	0.343	0.000	0.066	0.007	0.051	0.011	0.521
angry	0.496	0.000	0.027	0.008	0.145	0.002	0.323
neutral	0.346	0.000	0.028	0.010	0.093	0.002	0.521
neutral	0.344	0.000	0.044	0.004	0.096	0.006	0.506
neutral	0.347	0.000	0.078	0.005	0.077	0.005	0.489
angry	0.515	0.000	0.040	0.004	0.051	0.009	0.382
angry	0.546	0.000	0.072	0.003	0.057	0.033	0.288
angry	0.546	0.000	0.098	0.005	0.073	0.057	0.221
angry	0.428	0.000	0.076	0.004	0.151	0.013	0.327
angry	0.471	0.000	0.078	0.004	0.128	0.031	0.288
neutral	0.360	0.000	0.104	0.007	0.117	0.038	0.374
angry	0.615	0.000	0.063	0.004	0.044	0.028	0.246
angry	0.715	0.000	0.054	0.003	0.041	0.019	0.168
angry	0.666	0.000	0.096	0.003	0.077	0.019	0.138
neutral	0.444	0.000	0.029	0.003	0.040	0.013	0.471
angry	0.609	0.000	0.049	0.005	0.054	0.017	0.266
angry	0.577	0.000	0.033	0.005	0.047	0.015	0.323
angry	0.661	0.000	0.027	0.002	0.037	0.014	0.259
angry	0.550	0.000	0.061	0.004	0.057	0.018	0.311
angry	0.423	0.000	0.057	0.009	0.055	0.033	0.423
neutral	0.295	0.000	0.069	0.012	0.081	0.015	0.527
neutral	0.372	0.000	0.079	0.008	0.077	0.046	0.419
angry	0.504	0.000	0.073	0.007	0.043	0.066	0.307
angry	0.502	0.000	0.037	0.002	0.027	0.023	0.411
angry	0.550	0.000	0.080	0.004	0.090	0.041	0.234
angry	0.506	0.000	0.092	0.005	0.126	0.019	0.253
angry	0.505	0.000	0.108	0.004	0.063	0.059	0.262
angry	0.440	0.000	0.088	0.004	0.067	0.029	0.373
angry	0.612	0.000	0.040	0.009	0.056	0.014	0.269
neutral	0.400	0.000	0.059	0.007	0.082	0.012	0.440
angry	0.605	0.000	0.034	0.004	0.042	0.017	0.298
angry	0.520	0.000	0.049	0.003	0.082	0.014	0.332
angry	0.591	0.000	0.044	0.004	0.044	0.008	0.309
neutral	0.324	0.000	0.092	0.005	0.114	0.007	0.459
angry	0.427	0.000	0.058	0.008	0.105	0.007	0.396
sad	0.268	0.000	0.077	0.000	0.532	0.000	0.121
sad	0.324	0.001	0.109	0.001	0.395	0.001	0.169
angry	0.515	0.000	0.087	0.002	0.213	0.001	0.182
angry	0.387	0.000	0.134	0.002	0.273	0.002	0.201
angry	0.364	0.000	0.143	0.004	0.245	0.003	0.242
angry	0.408	0.000	0.139	0.004	0.152	0.004	0.293
angry	0.403	0.000	0.132	0.003	0.140	0.004	0.318
neutral	0.410	0.000	0.052	0.002	0.114	0.008	0.414
angry	0.506	0.000	0.062	0.003	0.145	0.014	0.271
neutral	0.423	0.000	0.022	0.002	0.083	0.002	0.468
neutral	0.421	0.000	0.022	0.006	0.109	0.008	0.434
neutral	0.227	0.000	0.071	0.006	0.204	0.015	0.477
neutral	0.272	0.000	0.090	0.004	0.172	0.017	0.445
neutral	0.294	0.000	0.084	0.003	0.130	0.014	0.475
angry	0.539	0.000	0.068	0.005	0.109	0.019	0.259
angry	0.384	0.000	0.096	0.006	0.126	0.027	0.362
neutral	0.413	0.000	0.058	0.011	0.061	0.010	0.447
neutral	0.279	0.000	0.101	0.007	0.130	0.023	0.460
neutral	0.253	0.000	0.052	0.009	0.097	0.008	0.581
neutral	0.295	0.000	0.060	0.008	0.087	0.033	0.517
neutral	0.391	0.000	0.067	0.005	0.092	0.007	0.439
neutral	0.216	0.000	0.060	0.004	0.081	0.009	0.629
neutral	0.234	0.000	0.052	0.005	0.068	0.010	0.631
angry	0.544	0.000	0.078	0.004	0.073	0.009	0.292
angry	0.420	0.000	0.096	0.009	0.103	0.008	0.363
angry	0.479	0.000	0.092	0.006	0.063	0.011	0.350
angry	0.622	0.000	0.055	0.003	0.073	0.003	0.244
angry	0.417	0.000	0.071	0.014	0.104	0.007	0.387
angry	0.409	0.000	0.137	0.010	0.127	0.011	0.305
angry	0.436	0.000	0.142	0.007	0.116	0.012	0.287
neutral	0.306	0.000	0.048	0.012	0.080	0.010	0.544
neutral	0.393	0.000	0.079	0.005	0.071	0.005	0.446
neutral	0.263	0.000	0.052	0.027	0.052	0.019	0.587
neutral	0.324	0.000	0.095	0.030	0.063	0.013	0.474
neutral	0.384	0.000	0.070	0.009	0.074	0.007	0.456
neutral	0.350	0.000	0.110	0.014	0.058	0.029	0.439
neutral	0.265	0.000	0.126	0.016	0.099	0.031	0.462
neutral	0.271	0.000	0.162	0.015	0.078	0.039	0.435
neutral	0.299	0.000	0.130	0.017	0.077	0.044	0.432
neutral	0.291	0.000	0.099	0.021	0.075	0.018	0.496
neutral	0.284	0.000	0.096	0.016	0.060	0.014	0.529
neutral	0.334	0.000	0.078	0.016	0.048	0.025	0.499
neutral	0.342	0.000	0.084	0.015	0.048	0.014	0.497
angry	0.474	0.000	0.187	0.006	0.042	0.026	0.264
angry	0.399	0.000	0.130	0.007	0.063	0.014	0.386
angry	0.416	0.000	0.137	0.006	0.066	0.020	0.355
angry	0.429	0.000	0.181	0.008	0.050	0.033	0.299
angry	0.463	0.000	0.137	0.009	0.032	0.036	0.322
neutral	0.383	0.000	0.103	0.005	0.059	0.007	0.441
angry	0.359	0.000	0.172	0.021	0.098	0.013	0.336
angry	0.506	0.000	0.128	0.007	0.071	0.005	0.284
neutral	0.329	0.000	0.163	0.004	0.084	0.005	0.415
angry	0.465	0.000	0.060	0.016	0.075	0.027	0.356
neutral	0.361	0.000	0.083	0.007	0.090	0.008	0.451
angry	0.557	0.000	0.095	0.005	0.052	0.020	0.271
neutral	0.352	0.000	0.075	0.012	0.071	0.011	0.481
neutral	0.339	0.000	0.055	0.031	0.067	0.022	0.486
neutral	0.163	0.000	0.057	0.117	0.143	0.007	0.513
neutral	0.134	0.000	0.034	0.073	0.126	0.002	0.631
neutral	0.291	0.000	0.100	0.044	0.149	0.012	0.404
angry	0.426	0.001	0.101	0.002	0.390	0.001	0.081
sad	0.320	0.002	0.204	0.003	0.392	0.003	0.076
sad	0.233	0.000	0.119	0.013	0.391	0.007	0.236
angry	0.474	0.001	0.117	0.003	0.249	0.002	0.154
angry	0.445	0.000	0.114	0.006	0.175	0.007	0.253
angry	0.390	0.000	0.083	0.006	0.145	0.005	0.371
neutral	0.378	0.000	0.084	0.013	0.130	0.006	0.390
angry	0.475	0.001	0.105	0.007	0.164	0.003	0.245
neutral	0.288	0.000	0.055	0.008	0.143	0.008	0.499
angry	0.437	0.000	0.052	0.007	0.148	0.003	0.353
angry	0.540	0.000	0.058	0.007	0.118	0.004	0.273
neutral	0.376	0.000	0.087	0.011	0.113	0.008	0.404
angry	0.583	0.000	0.026	0.007	0.144	0.005	0.235
angry	0.566	0.000	0.030	0.006	0.089	0.009	0.300
angry	0.709	0.000	0.021	0.007	0.093	0.004	0.166
angry	0.454	0.000	0.058	0.005	0.110	0.006	0.367
neutral	0.352	0.000	0.105	0.013	0.150	0.005	0.376
angry	0.443	0.000	0.106	0.010	0.128	0.005	0.307
neutral	0.322	0.000	0.090	0.008	0.160	0.003	0.416
neutral	0.292	0.000	0.060	0.011	0.163	0.003	0.471
neutral	0.378	0.000	0.036	0.011	0.114	0.002	0.458
angry	0.483	0.000	0.041	0.034	0.075	0.017	0.349
angry	0.612	0.000	0.042	0.009	0.068	0.003	0.267
angry	0.724	0.000	0.045	0.010	0.070	0.003	0.147
angry	0.691	0.000	0.030	0.009	0.078	0.004	0.188
angry	0.386	0.000	0.057	0.013	0.155	0.005	0.383
angry	0.412	0.000	0.057	0.010	0.117	0.005	0.399
angry	0.580	0.000	0.031	0.015	0.093	0.005	0.277
neutral	0.424	0.000	0.044	0.016	0.066	0.005	0.446
angry	0.487	0.000	0.055	0.013	0.193	0.006	0.246
angry	0.460	0.000	0.041	0.010	0.184	0.006	0.299
neutral	0.313	0.000	0.073	0.024	0.134	0.011	0.445
angry	0.399	0.000	0.076	0.016	0.143	0.007	0.359
angry	0.602	0.000	0.067	0.009	0.100	0.004	0.217
angry	0.379	0.000	0.084	0.005	0.168	0.004	0.359
angry	0.523	0.000	0.116	0.013	0.125	0.027	0.195
angry	0.540	0.001	0.036	0.013	0.133	0.007	0.270
angry	0.532	0.000	0.028	0.009	0.103	0.004	0.323
angry	0.406	0.000	0.049	0.007	0.158	0.008	0.373
angry	0.347	0.000	0.132	0.013	0.160	0.010	0.338
neutral	0.249	0.000	0.067	0.023	0.240	0.011	0.409
neutral	0.244	0.001	0.104	0.030	0.227	0.013	0.381
angry	0.351	0.000	0.150	0.005	0.162	0.006	0.325
angry	0.472	0.000	0.057	0.005	0.209	0.005	0.252
angry	0.395	0.001	0.075	0.003	0.204	0.003	0.319
angry	0.388	0.001	0.088	0.003	0.287	0.002	0.231
angry	0.391	0.000	0.104	0.005	0.212	0.006	0.283
angry	0.365	0.001	0.101	0.013	0.241	0.005	0.273
