prediction	angry	disgust	fear	happy	sad	surprise	neutral
sad	0.166	0.000	0.025	0.028	0.441	0.001	0.339
neutral	0.133	0.000	0.034	0.034	0.342	0.002	0.455
sad	0.196	0.000	0.043	0.032	0.383	0.004	0.342
neutral	0.121	0.000	0.040	0.023	0.382	0.003	0.431
sad	0.144	0.000	0.040	0.035	0.400	0.002	0.379
sad	0.176	0.000	0.060	0.039	0.408	0.003	0.315
sad	0.167	0.000	0.044	0.049	0.450	0.002	0.288
sad	0.182	0.000	0.053	0.042	0.432	0.002	0.289
sad	0.195	0.000	0.042	0.026	0.478	0.002	0.257
sad	0.192	0.000	0.053	0.038	0.428	0.005	0.284
neutral	0.248	0.000	0.052	0.173	0.182	0.006	0.339
neutral	0.213	0.000	0.042	0.122	0.305	0.004	0.314
sad	0.284	0.000	0.029	0.090	0.325	0.007	0.265
neutral	0.189	0.000	0.028	0.062	0.173	0.003	0.545
neutral	0.107	0.000	0.031	0.037	0.264	0.007	0.554
neutral	0.086	0.000	0.035	0.032	0.215	0.004	0.627
neutral	0.247	0.000	0.047	0.071	0.199	0.003	0.433
neutral	0.218	0.000	0.042	0.062	0.308	0.008	0.362
neutral	0.186	0.000	0.048	0.140	0.192	0.003	0.431
neutral	0.290	0.000	0.047	0.052	0.261	0.011	0.338
neutral	0.151	0.000	0.035	0.083	0.261	0.010	0.460
neutral	0.316	0.000	0.042	0.052	0.238	0.008	0.344
neutral	0.212	0.000	0.022	0.085	0.270	0.008	0.403
neutral	0.161	0.000	0.031	0.104	0.269	0.011	0.424
neutral	0.199	0.000	0.046	0.132	0.257	0.013	0.353
neutral	0.181	0.000	0.043	0.081	0.294	0.012	0.390
neutral	0.217	0.000	0.044	0.152	0.215	0.012	0.361
neutral	0.221	0.000	0.041	0.099	0.267	0.019	0.353
neutral	0.197	0.000	0.041	0.138	0.227	0.016	0.381
neutral	0.140	0.000	0.026	0.094	0.288	0.007	0.444
neutral	0.175	0.000	0.037	0.095	0.311	0.014	0.368
neutral	0.251	0.000	0.025	0.107	0.151	0.004	0.462
sad	0.236	0.000	0.040	0.056	0.372	0.006	0.289
neutral	0.190	0.000	0.031	0.104	0.218	0.004	0.454
sad	0.211	0.000	0.029	0.059	0.364	0.007	0.329
neutral	0.250	0.000	0.032	0.087	0.263	0.007	0.361
neutral	0.177	0.000	0.055	0.058	0.320	0.015	0.375
neutral	0.259	0.000	0.047	0.069	0.306	0.005	0.314
sad	0.209	0.000	0.041	0.035	0.364	0.010	0.341
sad	0.203	0.000	0.031	0.042	0.379	0.006	0.339
neutral	0.278	0.000	0.045	0.062	0.274	0.005	0.337
angry	0.316	0.000	0.041	0.053	0.300	0.008	0.282
neutral	0.136	0.000	0.030	0.042	0.337	0.006	0.450
sad	0.148	0.000	0.025	0.023	0.459	0.003	0.342
sad	0.174	0.000	0.026	0.022	0.504	0.004	0.271
neutral	0.224	0.000	0.029	0.050	0.329	0.004	0.365
neutral	0.153	0.000	0.025	0.070	0.314	0.009	0.429
neutral	0.154	0.000	0.024	0.064	0.312	0.008	0.437
neutral	0.212	0.000	0.028	0.028	0.344	0.006	0.383
neutral	0.245	0.000	0.036	0.065	0.281	0.007	0.365
neutral	0.200	0.000	0.027	0.038	0.309	0.006	0.421
sad	0.226	0.000	0.035	0.054	0.388	0.008	0.289
sad	0.232	0.000	0.023	0.042	0.396	0.006	0.301
sad	0.234	0.000	0.032	0.042	0.342	0.009	0.342
sad	0.262	0.000	0.047	0.046	0.350	0.008	0.288
neutral	0.272	0.000	0.046	0.062	0.259	0.007	0.354
sad	0.175	0.000	0.028	0.022	0.432	0.006	0.338
neutral	0.224	0.000	0.041	0.107	0.222	0.004	0.402
neutral	0.166	0.000	0.031	0.167	0.193	0.011	0.432
neutral	0.259	0.000	0.020	0.058	0.309	0.009	0.344
neutral	0.228	0.000	0.047	0.084	0.255	0.015	0.370
neutral	0.188	0.000	0.021	0.065	0.356	0.008	0.362
neutral	0.211	0.000	0.026	0.065	0.162	0.003	0.533
neutral	0.299	0.000	0.034	0.058	0.221	0.010	0.379
neutral	0.203	0.000	0.036	0.069	0.249	0.006	0.436
neutral	0.218	0.000	0.042	0.075	0.169	0.005	0.492
neutral	0.198	0.000	0.029	0.053	0.250	0.007	0.462
neutral	0.258	0.000	0.041	0.115	0.239	0.004	0.343
neutral	0.213	0.000	0.025	0.044	0.236	0.002	0.481
angry	0.328	0.000	0.043	0.061	0.259	0.003	0.305
neutral	0.194	0.000	0.031	0.061	0.253	0.002	0.458
neutral	0.266	0.000	0.053	0.100	0.279	0.005	0.298
neutral	0.197	0.000	0.032	0.146	0.238	0.003	0.384
neutral	0.248	0.000	0.051	0.066	0.282	0.005	0.348
neutral	0.234	0.000	0.043	0.063	0.310	0.006	0.343
sad	0.192	0.000	0.045	0.033	0.432	0.005	0.292
neutral	0.218	0.000	0.041	0.063	0.287	0.012	0.379
sad	0.192	0.000	0.050	0.036	0.413	0.010	0.300
neutral	0.229	0.000	0.050	0.113	0.276	0.005	0.327
neutral	0.222	0.000	0.056	0.089	0.256	0.013	0.364
neutral	0.254	0.000	0.041	0.046	0.289	0.004	0.366
neutral	0.145	0.000	0.046	0.038	0.291	0.004	0.476
neutral	0.099	0.000	0.032	0.094	0.276	0.010	0.489
neutral	0.123	0.000	0.041	0.104	0.303	0.010	0.419
sad	0.216	0.000	0.038	0.038	0.364	0.004	0.340
neutral	0.276	0.000	0.030	0.060	0.294	0.004	0.336
sad	0.164	0.000	0.050	0.068	0.376	0.004	0.337
sad	0.193	0.000	0.051	0.041	0.473	0.002	0.240
sad	0.200	0.000	0.032	0.036	0.435	0.002	0.295
neutral	0.140	0.000	0.051	0.073	0.340	0.005	0.391
sad	0.139	0.000	0.035	0.040	0.418	0.003	0.365
sad	0.123	0.000	0.044	0.027	0.419	0.002	0.385
sad	0.133	0.000	0.037	0.023	0.424	0.002	0.381
sad	0.120	0.000	0.025	0.031	0.429	0.003	0.392
neutral	0.148	0.000	0.028	0.043	0.316	0.001	0.464
neutral	0.201	0.000	0.032	0.023	0.287	0.002	0.456
neutral	0.071	0.000	0.017	0.018	0.371	0.001	0.522
neutral	0.096	0.000	0.030	0.024	0.393	0.003	0.453
sad	0.182	0.000	0.034	0.030	0.382	0.002	0.370
neutral	0.096	0.000	0.030	0.081	0.204	0.009	0.580
neutral	0.109	0.000	0.027	0.012	0.308	0.002	0.542
neutral	0.246	0.000	0.020	0.014	0.317	0.001	0.401
sad	0.079	0.000	0.012	0.012	0.611	0.001	0.285
sad	0.162	0.000	0.023	0.025	0.493	0.002	0.295
sad	0.159	0.000	0.027	0.023	0.435	0.004	0.352
neutral	0.141	0.000	0.023	0.031	0.328	0.005	0.472
neutral	0.115	0.000	0.028	0.042	0.317	0.007	0.492
neutral	0.153	0.000	0.027	0.027	0.290	0.005	0.497
sad	0.243	0.000	0.037	0.022	0.360	0.003	0.335
neutral	0.203	0.000	0.028	0.016	0.327	0.003	0.424
neutral	0.127	0.000	0.024	0.026	0.276	0.002	0.544
neutral	0.102	0.000	0.034	0.010	0.387	0.003	0.465
neutral	0.149	0.000	0.035	0.022	0.333	0.006	0.454
neutral	0.133	0.000	0.024	0.057	0.221	0.002	0.562
neutral	0.090	0.000	0.034	0.017	0.305	0.004	0.550
neutral	0.164	0.000	0.042	0.025	0.237	0.008	0.525
neutral	0.099	0.000	0.042	0.018	0.315	0.004	0.522
sad	0.133	0.000	0.034	0.014	0.472	0.004	0.343
neutral	0.125	0.000	0.036	0.016	0.305	0.004	0.514
neutral	0.121	0.000	0.039	0.017	0.318	0.005	0.500
neutral	0.145	0.000	0.029	0.020	0.240	0.003	0.563
neutral	0.121	0.000	0.028	0.013	0.294	0.002	0.542
neutral	0.135	0.000	0.042	0.017	0.274	0.007	0.525
neutral	0.151	0.000	0.041	0.027	0.248	0.008	0.525
neutral	0.172	0.000	0.039	0.039	0.281	0.009	0.460
neutral	0.155	0.000	0.044	0.046	0.256	0.010	0.490
angry	0.298	0.000	0.076	0.045	0.286	0.006	0.289
neutral	0.267	0.000	0.070	0.085	0.226	0.005	0.348
neutral	0.192	0.000	0.054	0.069	0.281	0.008	0.396
neutral	0.109	0.000	0.058	0.095	0.239	0.009	0.490
neutral	0.120	0.000	0.045	0.070	0.309	0.012	0.444
sad	0.195	0.000	0.074	0.058	0.341	0.006	0.326
sad	0.153	0.000	0.098	0.053	0.360	0.004	0.333
neutral	0.084	0.000	0.025	0.093	0.315	0.004	0.479
neutral	0.088	0.000	0.037	0.073	0.346	0.006	0.450
neutral	0.155	0.000	0.024	0.040	0.382	0.002	0.397
neutral	0.136	0.000	0.045	0.045	0.356	0.003	0.416
neutral	0.174	0.000	0.054	0.089	0.285	0.003	0.395
sad	0.225	0.000	0.036	0.087	0.369	0.002	0.281
neutral	0.200	0.000	0.041	0.045	0.344	0.002	0.369
sad	0.197	0.000	0.088	0.022	0.368	0.002	0.323
sad	0.164	0.000	0.044	0.053	0.431	0.002	0.307
sad	0.229	0.000	0.054	0.049	0.350	0.003	0.315
sad	0.176	0.000	0.043	0.053	0.411	0.004	0.314
neutral	0.225	0.000	0.072	0.092	0.285	0.003	0.322
neutral	0.174	0.000	0.052	0.053	0.349	0.002	0.369
sad	0.103	0.000	0.069	0.049	0.504	0.003	0.271
neutral	0.159	0.000	0.041	0.160	0.235	0.002	0.403
neutral	0.234	0.000	0.045	0.165	0.216	0.005	0.337
neutral	0.201	0.000	0.043	0.160	0.256	0.003	0.337
happy	0.265	0.000	0.052	0.284	0.159	0.006	0.234
sad	0.229	0.000	0.059	0.109	0.318	0.005	0.280
sad	0.181	0.000	0.015	0.028	0.465	0.001	0.310
sad	0.286	0.000	0.017	0.021	0.428	0.003	0.245
sad	0.153	0.000	0.014	0.007	0.502	0.001	0.322
sad	0.209	0.000	0.061	0.038	0.450	0.003	0.240
neutral	0.176	0.000	0.046	0.207	0.234	0.004	0.333
neutral	0.232	0.000	0.034	0.136	0.240	0.004	0.356
neutral	0.183	0.000	0.054	0.063	0.333	0.004	0.362
neutral	0.128	0.000	0.048	0.027	0.352	0.002	0.443
sad	0.138	0.000	0.032	0.159	0.343	0.002	0.327
neutral	0.194	0.000	0.022	0.100	0.318	0.000	0.366
sad	0.201	0.000	0.047	0.131	0.364	0.002	0.255
sad	0.139	0.000	0.033	0.113	0.379	0.003	0.333
neutral	0.138	0.000	0.037	0.092	0.331	0.004	0.399
happy	0.151	0.000	0.032	0.350	0.158	0.002	0.307
happy	0.210	0.000	0.037	0.348	0.152	0.002	0.252
happy	0.187	0.000	0.010	0.410	0.188	0.003	0.202
neutral	0.144	0.000	0.019	0.246	0.257	0.002	0.330
sad	0.187	0.000	0.038	0.060	0.436	0.003	0.276
sad	0.220	0.000	0.059	0.046	0.337	0.002	0.336
sad	0.150	0.000	0.034	0.111	0.414	0.002	0.289
sad	0.208	0.000	0.044	0.181	0.308	0.001	0.258
neutral	0.149	0.000	0.027	0.160	0.251	0.002	0.411
neutral	0.136	0.000	0.028	0.160	0.194	0.004	0.478
sad	0.184	0.000	0.026	0.058	0.391	0.002	0.339
neutral	0.118	0.000	0.050	0.277	0.180	0.001	0.375
sad	0.174	0.000	0.035	0.042	0.424	0.002	0.321
sad	0.196	0.000	0.035	0.039	0.386	0.004	0.341
neutral	0.206	0.000	0.041	0.056	0.337	0.002	0.359
neutral	0.109	0.000	0.053	0.094	0.327	0.003	0.415
neutral	0.103	0.000	0.043	0.088	0.368	0.002	0.396
sad	0.115	0.000	0.018	0.078	0.444	0.000	0.344
neutral	0.137	0.000	0.043	0.036	0.319	0.006	0.458
neutral	0.112	0.000	0.039	0.110	0.290	0.003	0.446
neutral	0.100	0.000	0.013	0.089	0.307	0.001	0.490
neutral	0.096	0.000	0.026	0.034	0.303	0.003	0.537
neutral	0.085	0.000	0.042	0.076	0.200	0.009	0.587
neutral	0.149	0.000	0.050	0.109	0.205	0.002	0.485
neutral	0.187	0.000	0.080	0.043	0.280	0.003	0.407
neutral	0.146	0.000	0.049	0.063	0.288	0.002	0.452
neutral	0.116	0.000	0.026	0.050	0.342	0.001	0.465
neutral	0.180	0.000	0.051	0.051	0.219	0.001	0.498
sad	0.154	0.000	0.046	0.092	0.380	0.002	0.327
sad	0.233	0.000	0.035	0.244	0.248	0.002	0.237
sad	0.266	0.000	0.043	0.171	0.292	0.002	0.226
neutral	0.166	0.000	0.029	0.259	0.207	0.001	0.338
neutral	0.243	0.000	0.021	0.160	0.203	0.002	0.371
neutral	0.191	0.000	0.017	0.089	0.262	0.002	0.439
neutral	0.174	0.000	0.046	0.218	0.181	0.002	0.379
neutral	0.192	0.000	0.022	0.070	0.299	0.001	0.416
neutral	0.269	0.000	0.025	0.071	0.285	0.001	0.350
neutral	0.112	0.000	0.036	0.163	0.318	0.002	0.369
sad	0.157	0.000	0.021	0.015	0.549	0.002	0.256
sad	0.267	0.000	0.031	0.088	0.360	0.004	0.250
sad	0.218	0.000	0.033	0.067	0.397	0.002	0.283
sad	0.188	0.000	0.022	0.032	0.461	0.002	0.294
sad	0.177	0.000	0.032	0.063	0.468	0.002	0.258
sad	0.151	0.000	0.040	0.075	0.486	0.002	0.246
sad	0.172	0.000	0.024	0.044	0.518	0.001	0.241
sad	0.170	0.000	0.049	0.057	0.478	0.002	0.245
sad	0.095	0.000	0.030	0.165	0.357	0.002	0.351
sad	0.162	0.000	0.021	0.037	0.495	0.001	0.283
sad	0.152	0.000	0.042	0.091	0.475	0.002	0.238
sad	0.163	0.000	0.042	0.069	0.401	0.001	0.325
sad	0.169	0.000	0.046	0.067	0.464	0.002	0.251
sad	0.200	0.000	0.032	0.090	0.426	0.001	0.250
sad	0.193	0.000	0.031	0.088	0.407	0.002	0.279
sad	0.144	0.000	0.047	0.084	0.467	0.002	0.256
sad	0.173	0.000	0.014	0.018	0.476	0.001	0.317
sad	0.173	0.000	0.017	0.054	0.499	0.001	0.256
sad	0.202	0.000	0.014	0.022	0.505	0.001	0.256
sad	0.175	0.000	0.017	0.033	0.472	0.001	0.301
sad	0.136	0.000	0.023	0.028	0.558	0.001	0.252
sad	0.219	0.000	0.031	0.055	0.444	0.003	0.248
sad	0.134	0.000	0.031	0.065	0.471	0.001	0.298
sad	0.209	0.000	0.026	0.034	0.543	0.002	0.186
sad	0.128	0.000	0.029	0.038	0.566	0.001	0.237
sad	0.117	0.000	0.033	0.085	0.469	0.002	0.294
sad	0.144	0.000	0.032	0.083	0.460	0.002	0.278
sad	0.105	0.000	0.024	0.072	0.515	0.002	0.283
sad	0.131	0.000	0.035	0.087	0.462	0.003	0.282
sad	0.129	0.000	0.030	0.106	0.455	0.003	0.277
sad	0.143	0.000	0.020	0.025	0.504	0.001	0.306
sad	0.155	0.000	0.024	0.044	0.459	0.002	0.316
sad	0.147	0.000	0.017	0.017	0.477	0.001	0.340
sad	0.118	0.000	0.025	0.059	0.526	0.002	0.270
sad	0.128	0.000	0.037	0.064	0.485	0.002	0.283
sad	0.180	0.000	0.017	0.019	0.533	0.001	0.250
sad	0.138	0.000	0.026	0.028	0.459	0.001	0.348
sad	0.149	0.000	0.019	0.030	0.502	0.001	0.299
sad	0.136	0.000	0.029	0.037	0.537	0.002	0.258
sad	0.136	0.000	0.034	0.041	0.529	0.002	0.259
sad	0.166	0.000	0.029	0.049	0.452	0.003	0.300
sad	0.133	0.000	0.030	0.026	0.468	0.002	0.341
sad	0.156	0.000	0.034	0.050	0.401	0.002	0.356
sad	0.151	0.000	0.024	0.031	0.487	0.002	0.305
sad	0.185	0.000	0.031	0.023	0.513	0.001	0.247
sad	0.188	0.000	0.033	0.040	0.480	0.002	0.256
sad	0.145	0.000	0.035	0.053	0.503	0.002	0.262
sad	0.134	0.000	0.013	0.013	0.594	0.001	0.245
sad	0.190	0.000	0.016	0.013	0.544	0.001	0.236
sad	0.153	0.000	0.021	0.006	0.514	0.001	0.304
sad	0.185	0.000	0.034	0.032	0.536	0.001	0.211
sad	0.263	0.000	0.037	0.019	0.514	0.001	0.165
sad	0.283	0.000	0.035	0.027	0.428	0.002	0.225
sad	0.171	0.000	0.024	0.026	0.411	0.002	0.366
sad	0.188	0.000	0.022	0.023	0.447	0.002	0.318
sad	0.172	0.000	0.019	0.012	0.532	0.001	0.264
sad	0.181	0.000	0.028	0.015	0.528	0.001	0.247
sad	0.228	0.000	0.029	0.029	0.447	0.001	0.266
sad	0.191	0.000	0.025	0.020	0.460	0.001	0.304
neutral	0.143	0.000	0.044	0.066	0.362	0.002	0.384
sad	0.183	0.000	0.028	0.026	0.573	0.002	0.189
sad	0.158	0.000	0.027	0.029	0.463	0.002	0.321
sad	0.188	0.000	0.025	0.010	0.498	0.001	0.278
sad	0.152	0.000	0.029	0.024	0.542	0.002	0.250
sad	0.161	0.000	0.034	0.042	0.477	0.001	0.285
sad	0.201	0.000	0.019	0.037	0.426	0.001	0.315
sad	0.143	0.000	0.031	0.024	0.434	0.002	0.367
sad	0.132	0.000	0.022	0.038	0.522	0.001	0.286
sad	0.205	0.000	0.030	0.026	0.508	0.002	0.230
sad	0.168	0.000	0.027	0.021	0.497	0.002	0.287
sad	0.166	0.000	0.036	0.031	0.466	0.002	0.299
sad	0.153	0.000	0.040	0.021	0.446	0.002	0.339
sad	0.201	0.000	0.027	0.035	0.451	0.002	0.284
sad	0.174	0.000	0.025	0.022	0.513	0.001	0.265
sad	0.221	0.000	0.030	0.038	0.434	0.002	0.275
sad	0.238	0.000	0.035	0.058	0.410	0.002	0.256
sad	0.163	0.000	0.042	0.041	0.433	0.002	0.319
neutral	0.154	0.000	0.037	0.073	0.357	0.002	0.377
sad	0.124	0.000	0.032	0.045	0.457	0.002	0.339
neutral	0.123	0.000	0.040	0.057	0.382	0.003	0.396
sad	0.159	0.000	0.044	0.091	0.380	0.003	0.322
sad	0.165	0.000	0.038	0.043	0.481	0.002	0.272
sad	0.149	0.000	0.045	0.104	0.361	0.003	0.338
sad	0.190	0.000	0.028	0.020	0.417	0.002	0.342
sad	0.170	0.000	0.031	0.027	0.445	0.002	0.325
sad	0.120	0.000	0.024	0.013	0.452	0.001	0.388
sad	0.189	0.000	0.035	0.032	0.415	0.002	0.328
sad	0.155	0.000	0.035	0.065	0.425	0.002	0.317
sad	0.179	0.000	0.053	0.103	0.379	0.004	0.282
sad	0.162	0.000	0.042	0.147	0.333	0.003	0.311
sad	0.162	0.000	0.052	0.057	0.444	0.004	0.281
neutral	0.136	0.000	0.043	0.061	0.376	0.002	0.381
sad	0.188	0.000	0.057	0.035	0.432	0.003	0.284
sad	0.142	0.000	0.029	0.046	0.443	0.002	0.337
sad	0.178	0.000	0.054	0.059	0.399	0.002	0.308
sad	0.164	0.000	0.072	0.067	0.371	0.004	0.323
sad	0.170	0.000	0.039	0.126	0.333	0.003	0.328
sad	0.165	0.000	0.055	0.053	0.432	0.004	0.291
sad	0.179	0.000	0.054	0.076	0.393	0.002	0.296
sad	0.127	0.000	0.073	0.078	0.390	0.003	0.330
sad	0.186	0.000	0.027	0.030	0.478	0.001	0.278
sad	0.116	0.000	0.017	0.018	0.518	0.001	0.329
sad	0.179	0.000	0.016	0.010	0.561	0.001	0.233
sad	0.189	0.000	0.032	0.070	0.369	0.002	0.337
sad	0.178	0.000	0.035	0.049	0.449	0.002	0.287
sad	0.209	0.000	0.033	0.026	0.483	0.002	0.247
sad	0.197	0.000	0.026	0.016	0.492	0.001	0.268
sad	0.254	0.000	0.033	0.043	0.407	0.001	0.261
sad	0.248	0.000	0.027	0.027	0.525	0.001	0.171
sad	0.352	0.000	0.039	0.013	0.435	0.001	0.160
sad	0.135	0.000	0.032	0.054	0.430	0.001	0.348
sad	0.200	0.000	0.026	0.021	0.511	0.001	0.240
sad	0.138	0.000	0.028	0.028	0.475	0.001	0.330
sad	0.156	0.000	0.030	0.025	0.499	0.002	0.288
sad	0.182	0.000	0.025	0.048	0.450	0.001	0.293
sad	0.196	0.000	0.028	0.037	0.442	0.002	0.295
sad	0.170	0.000	0.037	0.054	0.437	0.001	0.301
sad	0.205	0.000	0.025	0.014	0.513	0.001	0.242
sad	0.288	0.000	0.039	0.021	0.417	0.002	0.234
sad	0.178	0.000	0.029	0.017	0.503	0.001	0.272
sad	0.213	0.000	0.036	0.022	0.462	0.001	0.266
sad	0.239	0.000	0.056	0.033	0.422	0.002	0.249
sad	0.191	0.000	0.036	0.044	0.441	0.001	0.287
sad	0.189	0.000	0.030	0.054	0.422	0.002	0.304
sad	0.240	0.000	0.043	0.022	0.462	0.001	0.232
sad	0.123	0.000	0.037	0.087	0.441	0.002	0.310
sad	0.216	0.000	0.032	0.018	0.452	0.002	0.280
sad	0.272	0.000	0.037	0.075	0.372	0.003	0.241
sad	0.148	0.000	0.041	0.050	0.396	0.002	0.363
sad	0.129	0.000	0.070	0.064	0.419	0.002	0.316
sad	0.164	0.000	0.060	0.085	0.357	0.002	0.333
sad	0.154	0.000	0.051	0.057	0.395	0.003	0.339
sad	0.165	0.000	0.050	0.049	0.449	0.003	0.286
neutral	0.138	0.000	0.059	0.120	0.305	0.002	0.376
sad	0.224	0.000	0.024	0.023	0.497	0.001	0.230
sad	0.137	0.000	0.019	0.025	0.498	0.001	0.321
sad	0.204	0.000	0.023	0.014	0.535	0.000	0.223
sad	0.236	0.000	0.029	0.034	0.454	0.001	0.245
sad	0.202	0.000	0.016	0.010	0.534	0.001	0.237
sad	0.139	0.000	0.014	0.015	0.459	0.001	0.372
sad	0.187	0.000	0.017	0.015	0.428	0.002	0.351
sad	0.215	0.000	0.016	0.015	0.504	0.001	0.249
sad	0.155	0.000	0.014	0.014	0.496	0.001	0.320
sad	0.243	0.000	0.019	0.010	0.511	0.001	0.217
sad	0.262	0.000	0.029	0.013	0.447	0.001	0.248
sad	0.301	0.000	0.035	0.023	0.435	0.001	0.206
sad	0.146	0.000	0.029	0.049	0.446	0.001	0.329
sad	0.278	0.000	0.021	0.019	0.406	0.001	0.275
sad	0.244	0.000	0.020	0.020	0.387	0.001	0.328
sad	0.197	0.000	0.029	0.026	0.491	0.001	0.256
sad	0.151	0.000	0.028	0.071	0.429	0.001	0.321
sad	0.151	0.000	0.040	0.092	0.379	0.001	0.337
sad	0.142	0.000	0.032	0.054	0.401	0.001	0.370
neutral	0.152	0.000	0.045	0.131	0.296	0.003	0.373
neutral	0.182	0.000	0.038	0.057	0.350	0.001	0.372
sad	0.194	0.000	0.047	0.052	0.400	0.001	0.305
neutral	0.185	0.000	0.061	0.082	0.310	0.002	0.360
sad	0.148	0.000	0.064	0.049	0.374	0.002	0.363
neutral	0.159	0.000	0.086	0.076	0.329	0.002	0.348
neutral	0.177	0.000	0.055	0.079	0.328	0.002	0.359
neutral	0.171	0.000	0.046	0.077	0.294	0.002	0.410
sad	0.188	0.000	0.052	0.062	0.357	0.001	0.340
neutral	0.151	0.000	0.067	0.107	0.313	0.002	0.360
neutral	0.166	0.000	0.053	0.103	0.225	0.002	0.451
neutral	0.130	0.000	0.067	0.106	0.311	0.002	0.384
neutral	0.125	0.000	0.083	0.101	0.294	0.003	0.395
neutral	0.145	0.000	0.058	0.122	0.246	0.002	0.427
sad	0.229	0.000	0.085	0.061	0.366	0.002	0.257
sad	0.169	0.000	0.079	0.056	0.408	0.002	0.286
neutral	0.179	0.000	0.057	0.034	0.335	0.003	0.392
sad	0.193	0.000	0.062	0.060	0.392	0.002	0.292
neutral	0.192	0.000	0.052	0.083	0.323	0.001	0.348
neutral	0.160	0.000	0.087	0.071	0.268	0.006	0.407
sad	0.186	0.000	0.039	0.047	0.384	0.002	0.343
neutral	0.174	0.000	0.035	0.053	0.311	0.003	0.424
neutral	0.128	0.000	0.055	0.078	0.367	0.002	0.371
neutral	0.167	0.000	0.056	0.147	0.279	0.003	0.347
neutral	0.122	0.000	0.040	0.080	0.364	0.001	0.394
sad	0.166	0.000	0.033	0.062	0.370	0.001	0.368
neutral	0.138	0.000	0.046	0.176	0.260	0.002	0.378
neutral	0.209	0.000	0.069	0.177	0.197	0.002	0.345
neutral	0.163	0.000	0.064	0.107	0.241	0.002	0.424
neutral	0.142	0.000	0.075	0.218	0.229	0.003	0.333
neutral	0.224	0.000	0.061	0.106	0.222	0.002	0.385
sad	0.199	0.000	0.047	0.128	0.351	0.003	0.272
neutral	0.122	0.000	0.057	0.138	0.252	0.003	0.428
neutral	0.110	0.000	0.036	0.135	0.296	0.001	0.421
neutral	0.150	0.000	0.067	0.172	0.273	0.003	0.335
sad	0.194	0.000	0.034	0.024	0.419	0.002	0.326
sad	0.253	0.000	0.040	0.023	0.375	0.002	0.307
sad	0.141	0.000	0.049	0.037	0.402	0.002	0.369
sad	0.184	0.000	0.063	0.059	0.406	0.004	0.284
sad	0.201	0.000	0.031	0.050	0.430	0.002	0.286
sad	0.107	0.000	0.043	0.069	0.419	0.002	0.360
sad	0.149	0.000	0.047	0.072	0.375	0.002	0.355
neutral	0.095	0.000	0.042	0.120	0.306	0.001	0.436
sad	0.109	0.000	0.069	0.058	0.406	0.002	0.356
sad	0.211	0.000	0.028	0.024	0.488	0.001	0.247
sad	0.121	0.000	0.050	0.045	0.486	0.002	0.297
sad	0.211	0.000	0.032	0.019	0.457	0.001	0.280
sad	0.189	0.000	0.024	0.019	0.495	0.001	0.272
sad	0.196	0.000	0.039	0.029	0.444	0.002	0.290
sad	0.226	0.000	0.046	0.056	0.399	0.002	0.270
sad	0.135	0.000	0.017	0.009	0.592	0.001	0.247
sad	0.186	0.000	0.022	0.012	0.509	0.002	0.270
sad	0.244	0.000	0.023	0.019	0.451	0.001	0.262
sad	0.271	0.000	0.032	0.015	0.399	0.002	0.281
sad	0.159	0.000	0.042	0.056	0.444	0.001	0.299
sad	0.192	0.000	0.027	0.023	0.468	0.002	0.287
sad	0.188	0.000	0.036	0.021	0.430	0.002	0.321
sad	0.227	0.000	0.035	0.048	0.436	0.002	0.251
sad	0.217	0.000	0.035	0.016	0.442	0.002	0.288
sad	0.228	0.000	0.016	0.016	0.513	0.001	0.226
sad	0.213	0.000	0.017	0.005	0.565	0.000	0.198
sad	0.151	0.000	0.014	0.007	0.600	0.000	0.227
sad	0.247	0.000	0.021	0.008	0.502	0.001	0.220
sad	0.203	0.000	0.030	0.008	0.484	0.002	0.274
sad	0.282	0.000	0.034	0.016	0.373	0.002	0.293
sad	0.170	0.000	0.026	0.046	0.423	0.001	0.335
sad	0.263	0.000	0.028	0.009	0.467	0.001	0.233
sad	0.148	0.000	0.025	0.055	0.429	0.001	0.343
sad	0.172	0.000	0.028	0.054	0.440	0.002	0.305
sad	0.256	0.000	0.028	0.018	0.437	0.001	0.260
sad	0.180	0.000	0.032	0.049	0.438	0.002	0.299
sad	0.144	0.000	0.043	0.064	0.415	0.002	0.332
sad	0.152	0.000	0.041	0.094	0.365	0.002	0.346
neutral	0.141	0.000	0.040	0.087	0.363	0.001	0.367
sad	0.212	0.000	0.029	0.042	0.467	0.001	0.250
sad	0.159	0.000	0.046	0.088	0.396	0.001	0.309
sad	0.221	0.000	0.040	0.093	0.347	0.002	0.298
neutral	0.151	0.000	0.038	0.111	0.347	0.002	0.350
sad	0.227	0.000	0.035	0.047	0.422	0.002	0.267
neutral	0.176	0.000	0.049	0.131	0.289	0.002	0.354
sad	0.168	0.000	0.034	0.095	0.383	0.001	0.318
sad	0.222	0.000	0.029	0.016	0.449	0.001	0.283
sad	0.185	0.000	0.029	0.057	0.439	0.002	0.287
sad	0.181	0.000	0.038	0.030	0.510	0.001	0.239
neutral	0.124	0.000	0.033	0.090	0.349	0.001	0.403
neutral	0.158	0.000	0.047	0.120	0.251	0.002	0.422
sad	0.207	0.000	0.030	0.041	0.422	0.001	0.298
sad	0.146	0.000	0.039	0.069	0.454	0.002	0.290
sad	0.166	0.000	0.042	0.080	0.390	0.002	0.319
sad	0.174	0.000	0.026	0.038	0.423	0.001	0.338
sad	0.204	0.000	0.022	0.024	0.442	0.001	0.307
sad	0.204	0.000	0.030	0.029	0.472	0.002	0.263
sad	0.143	0.000	0.030	0.039	0.476	0.001	0.311
sad	0.156	0.000	0.034	0.044	0.439	0.002	0.325
sad	0.228	0.000	0.024	0.012	0.427	0.001	0.307
sad	0.260	0.000	0.028	0.021	0.525	0.002	0.163
sad	0.201	0.000	0.024	0.032	0.440	0.001	0.301
sad	0.150	0.000	0.030	0.034	0.451	0.001	0.333
sad	0.201	0.000	0.028	0.023	0.498	0.002	0.248
sad	0.220	0.000	0.025	0.016	0.443	0.002	0.294
sad	0.210	0.000	0.032	0.038	0.408	0.002	0.310
sad	0.141	0.000	0.037	0.031	0.458	0.002	0.331
neutral	0.212	0.000	0.029	0.018	0.351	0.002	0.388
sad	0.177	0.000	0.023	0.036	0.400	0.001	0.362
sad	0.201	0.000	0.033	0.040	0.409	0.001	0.316
sad	0.239	0.000	0.036	0.023	0.388	0.002	0.312
sad	0.249	0.000	0.032	0.028	0.466	0.002	0.223
sad	0.232	0.000	0.028	0.024	0.447	0.001	0.268
sad	0.225	0.000	0.031	0.025	0.449	0.002	0.269
sad	0.148	0.000	0.024	0.038	0.436	0.001	0.354
sad	0.246	0.000	0.038	0.066	0.341	0.002	0.307
sad	0.185	0.000	0.032	0.056	0.412	0.001	0.313
neutral	0.116	0.000	0.035	0.119	0.328	0.001	0.401
sad	0.219	0.000	0.036	0.029	0.455	0.002	0.258
sad	0.163	0.000	0.028	0.034	0.465	0.002	0.308
sad	0.114	0.000	0.035	0.068	0.417	0.001	0.363
sad	0.129	0.000	0.039	0.058	0.475	0.002	0.298
sad	0.201	0.000	0.038	0.019	0.386	0.002	0.353
sad	0.271	0.000	0.038	0.024	0.407	0.002	0.257
sad	0.175	0.000	0.042	0.048	0.439	0.003	0.294
sad	0.174	0.000	0.038	0.040	0.436	0.002	0.310
sad	0.143	0.000	0.039	0.073	0.414	0.002	0.329
sad	0.202	0.000	0.026	0.042	0.405	0.001	0.324
sad	0.181	0.000	0.038	0.050	0.403	0.003	0.325
sad	0.178	0.000	0.032	0.044	0.413	0.002	0.330
sad	0.200	0.000	0.033	0.048	0.382	0.004	0.334
sad	0.223	0.000	0.031	0.028	0.436	0.002	0.279
sad	0.128	0.000	0.044	0.078	0.410	0.003	0.338
sad	0.207	0.000	0.026	0.038	0.426	0.001	0.301
neutral	0.200	0.000	0.032	0.064	0.319	0.002	0.383
neutral	0.155	0.000	0.031	0.068	0.370	0.002	0.375
neutral	0.227	0.000	0.036	0.060	0.326	0.002	0.348
neutral	0.218	0.000	0.040	0.074	0.314	0.003	0.351
sad	0.244	0.000	0.042	0.039	0.406	0.002	0.267
sad	0.276	0.000	0.028	0.024	0.406	0.001	0.264
sad	0.136	0.000	0.044	0.047	0.439	0.002	0.333
neutral	0.104	0.000	0.035	0.085	0.372	0.001	0.404
sad	0.128	0.000	0.036	0.049	0.471	0.001	0.315
sad	0.124	0.000	0.017	0.018	0.487	0.001	0.354
sad	0.202	0.000	0.021	0.013	0.496	0.001	0.267
sad	0.182	0.000	0.027	0.027	0.466	0.001	0.297
sad	0.274	0.000	0.023	0.023	0.406	0.001	0.273
sad	0.240	0.000	0.031	0.030	0.426	0.001	0.272
sad	0.293	0.000	0.021	0.026	0.396	0.001	0.263
sad	0.205	0.000	0.028	0.021	0.492	0.001	0.253
neutral	0.099	0.000	0.026	0.079	0.378	0.001	0.417
sad	0.224	0.000	0.027	0.029	0.432	0.001	0.287
sad	0.212	0.000	0.029	0.024	0.471	0.001	0.262
sad	0.221	0.000	0.047	0.073	0.361	0.002	0.296
sad	0.188	0.000	0.029	0.038	0.529	0.001	0.215
sad	0.260	0.000	0.028	0.026	0.406	0.001	0.278
sad	0.207	0.000	0.027	0.021	0.496	0.002	0.247
sad	0.172	0.000	0.027	0.050	0.524	0.001	0.227
sad	0.208	0.000	0.028	0.022	0.432	0.001	0.309
sad	0.205	0.000	0.031	0.027	0.457	0.002	0.278
sad	0.126	0.000	0.031	0.066	0.453	0.001	0.324
sad	0.154	0.000	0.031	0.070	0.379	0.001	0.365
sad	0.156	0.000	0.031	0.030	0.503	0.001	0.280
sad	0.276	0.000	0.030	0.022	0.447	0.001	0.224
sad	0.250	0.000	0.033	0.033	0.378	0.002	0.304
sad	0.136	0.000	0.024	0.052	0.461	0.001	0.326
sad	0.232	0.000	0.032	0.033	0.414	0.002	0.288
sad	0.216	0.000	0.031	0.034	0.389	0.002	0.328
sad	0.170	0.000	0.027	0.043	0.452	0.001	0.307
sad	0.174	0.000	0.026	0.036	0.446	0.001	0.318
sad	0.219	0.000	0.024	0.020	0.483	0.001	0.253
sad	0.206	0.000	0.031	0.052	0.428	0.001	0.283
sad	0.208	0.000	0.031	0.035	0.393	0.001	0.331
sad	0.233	0.000	0.034	0.040	0.432	0.002	0.259
sad	0.241	0.000	0.025	0.033	0.447	0.001	0.252
sad	0.144	0.000	0.032	0.064	0.402	0.002	0.357
sad	0.193	0.000	0.033	0.030	0.458	0.002	0.284
sad	0.204	0.000	0.022	0.023	0.484	0.001	0.266
neutral	0.181	0.000	0.038	0.103	0.338	0.001	0.339
sad	0.178	0.000	0.034	0.022	0.424	0.002	0.340
sad	0.171	0.000	0.026	0.040	0.470	0.001	0.292
sad	0.210	0.000	0.027	0.012	0.536	0.001	0.215
sad	0.223	0.000	0.037	0.033	0.446	0.001	0.261
sad	0.288	0.000	0.032	0.034	0.349	0.001	0.297
sad	0.204	0.000	0.025	0.026	0.463	0.001	0.280
sad	0.175	0.000	0.031	0.031	0.459	0.001	0.303
sad	0.317	0.000	0.030	0.020	0.484	0.001	0.148
sad	0.226	0.000	0.026	0.017	0.485	0.001	0.244
sad	0.210	0.000	0.039	0.039	0.497	0.001	0.214
sad	0.194	0.000	0.024	0.023	0.475	0.001	0.283
sad	0.192	0.000	0.033	0.044	0.481	0.001	0.249
sad	0.203	0.000	0.018	0.016	0.458	0.001	0.303
sad	0.265	0.000	0.031	0.043	0.446	0.001	0.214
sad	0.201	0.000	0.026	0.029	0.490	0.001	0.251
sad	0.248	0.000	0.023	0.029	0.429	0.001	0.270
sad	0.199	0.000	0.018	0.034	0.439	0.001	0.309
sad	0.221	0.000	0.020	0.030	0.422	0.001	0.307
sad	0.219	0.000	0.022	0.016	0.504	0.001	0.238
sad	0.187	0.000	0.021	0.019	0.500	0.001	0.272
sad	0.201	0.000	0.022	0.018	0.494	0.001	0.265
sad	0.237	0.000	0.022	0.014	0.451	0.001	0.275
