prediction	angry	disgust	fear	happy	sad	surprise	neutral
neutral	0.198	0.000	0.036	0.003	0.151	0.000	0.611
neutral	0.300	0.000	0.011	0.002	0.093	0.001	0.593
angry	0.395	0.000	0.034	0.002	0.197	0.000	0.371
neutral	0.226	0.000	0.025	0.004	0.146	0.000	0.599
angry	0.457	0.000	0.016	0.001	0.147	0.000	0.378
neutral	0.304	0.000	0.016	0.001	0.159	0.001	0.519
neutral	0.225	0.000	0.019	0.002	0.133	0.001	0.621
neutral	0.269	0.000	0.014	0.003	0.081	0.000	0.633
neutral	0.377	0.000	0.017	0.002	0.169	0.000	0.435
neutral	0.343	0.000	0.018	0.002	0.138	0.000	0.499
neutral	0.268	0.000	0.013	0.002	0.085	0.001	0.631
neutral	0.389	0.000	0.016	0.003	0.084	0.000	0.507
angry	0.433	0.000	0.018	0.002	0.138	0.001	0.408
neutral	0.257	0.000	0.021	0.004	0.160	0.000	0.559
neutral	0.197	0.000	0.013	0.002	0.104	0.000	0.684
angry	0.501	0.000	0.009	0.001	0.116	0.000	0.373
neutral	0.219	0.000	0.011	0.004	0.104	0.000	0.663
neutral	0.314	0.000	0.014	0.003	0.104	0.000	0.565
neutral	0.275	0.000	0.016	0.011	0.140	0.000	0.558
neutral	0.257	0.000	0.014	0.007	0.133	0.000	0.588
neutral	0.189	0.000	0.017	0.002	0.176	0.000	0.616
neutral	0.257	0.000	0.018	0.006	0.111	0.000	0.608
neutral	0.256	0.000	0.016	0.004	0.169	0.000	0.555
neutral	0.201	0.000	0.012	0.006	0.153	0.000	0.628
neutral	0.154	0.000	0.017	0.005	0.137	0.000	0.687
neutral	0.210	0.000	0.017	0.004	0.225	0.000	0.543
neutral	0.252	0.000	0.041	0.003	0.268	0.000	0.435
neutral	0.189	0.000	0.054	0.002	0.205	0.000	0.549
neutral	0.231	0.000	0.084	0.002	0.237	0.001	0.445
neutral	0.203	0.000	0.018	0.012	0.158	0.000	0.608
neutral	0.127	0.000	0.028	0.002	0.180	0.000	0.664
neutral	0.240	0.000	0.033	0.003	0.257	0.000	0.468
neutral	0.163	0.000	0.032	0.007	0.205	0.000	0.593
neutral	0.220	0.000	0.033	0.002	0.227	0.000	0.518
neutral	0.201	0.000	0.021	0.005	0.112	0.000	0.662
neutral	0.318	0.000	0.018	0.005	0.159	0.000	0.499
neutral	0.292	0.000	0.022	0.003	0.204	0.000	0.479
neutral	0.239	0.000	0.018	0.003	0.141	0.000	0.599
neutral	0.184	0.000	0.015	0.002	0.155	0.000	0.644
neutral	0.191	0.000	0.014	0.002	0.135	0.000	0.658
neutral	0.288	0.000	0.028	0.003	0.167	0.000	0.513
neutral	0.236	0.000	0.027	0.005	0.148	0.000	0.583
neutral	0.289	0.000	0.023	0.004	0.164	0.000	0.520
neutral	0.209	0.000	0.008	0.001	0.079	0.000	0.702
neutral	0.357	0.000	0.015	0.002	0.126	0.000	0.500
neutral	0.358	0.000	0.035	0.001	0.182	0.000	0.423
angry	0.450	0.000	0.016	0.002	0.146	0.000	0.385
angry	0.452	0.000	0.019	0.002	0.142	0.000	0.385
neutral	0.220	0.000	0.018	0.010	0.150	0.000	0.603
neutral	0.393	0.000	0.021	0.005	0.172	0.000	0.409
neutral	0.280	0.000	0.013	0.012	0.159	0.000	0.536
neutral	0.228	0.000	0.011	0.005	0.152	0.000	0.605
neutral	0.234	0.000	0.031	0.005	0.127	0.000	0.602
neutral	0.192	0.000	0.032	0.006	0.140	0.000	0.629
neutral	0.192	0.000	0.068	0.005	0.199	0.001	0.534
neutral	0.189	0.000	0.019	0.008	0.136	0.000	0.647
neutral	0.197	0.000	0.027	0.006	0.144	0.000	0.626
neutral	0.230	0.000	0.015	0.002	0.129	0.000	0.625
neutral	0.271	0.000	0.015	0.004	0.094	0.000	0.615
neutral	0.121	0.000	0.014	0.007	0.097	0.000	0.761
neutral	0.176	0.000	0.027	0.007	0.103	0.001	0.686
neutral	0.217	0.000	0.021	0.004	0.122	0.001	0.635
neutral	0.239	0.000	0.016	0.003	0.090	0.000	0.651
neutral	0.231	0.000	0.031	0.007	0.115	0.001	0.615
neutral	0.108	0.000	0.030	0.026	0.132	0.001	0.703
neutral	0.269	0.000	0.035	0.005	0.125	0.000	0.567
neutral	0.135	0.000	0.032	0.017	0.099	0.001	0.716
neutral	0.321	0.000	0.016	0.005	0.222	0.000	0.436
neutral	0.290	0.000	0.018	0.004	0.163	0.000	0.524
neutral	0.136	0.000	0.038	0.007	0.186	0.000	0.633
neutral	0.216	0.000	0.023	0.005	0.131	0.000	0.624
neutral	0.244	0.000	0.032	0.009	0.160	0.000	0.555
neutral	0.172	0.000	0.041	0.012	0.129	0.000	0.645
neutral	0.159	0.000	0.030	0.005	0.140	0.000	0.666
neutral	0.164	0.000	0.030	0.007	0.171	0.000	0.628
neutral	0.208	0.000	0.023	0.005	0.200	0.000	0.564
neutral	0.156	0.000	0.027	0.003	0.147	0.000	0.666
neutral	0.168	0.000	0.049	0.004	0.186	0.000	0.593
neutral	0.216	0.000	0.032	0.002	0.198	0.000	0.552
neutral	0.179	0.000	0.043	0.003	0.157	0.000	0.618
neutral	0.200	0.000	0.042	0.003	0.141	0.001	0.613
neutral	0.090	0.000	0.057	0.006	0.225	0.001	0.622
neutral	0.092	0.000	0.071	0.002	0.244	0.000	0.591
neutral	0.114	0.000	0.035	0.002	0.200	0.000	0.649
neutral	0.096	0.000	0.045	0.003	0.243	0.000	0.613
neutral	0.183	0.000	0.037	0.003	0.140	0.001	0.636
neutral	0.150	0.000	0.032	0.008	0.188	0.000	0.621
neutral	0.202	0.000	0.018	0.002	0.175	0.000	0.602
neutral	0.118	0.000	0.044	0.004	0.116	0.001	0.718
neutral	0.162	0.000	0.096	0.008	0.146	0.002	0.588
neutral	0.238	0.000	0.041	0.008	0.197	0.000	0.516
neutral	0.177	0.000	0.052	0.008	0.114	0.001	0.648
neutral	0.220	0.000	0.055	0.005	0.238	0.000	0.482
neutral	0.198	0.000	0.051	0.011	0.199	0.000	0.541
neutral	0.127	0.000	0.064	0.031	0.241	0.001	0.535
neutral	0.154	0.000	0.067	0.003	0.175	0.001	0.601
neutral	0.219	0.000	0.077	0.005	0.176	0.002	0.521
neutral	0.305	0.000	0.022	0.005	0.184	0.000	0.484
neutral	0.268	0.000	0.053	0.006	0.201	0.001	0.471
neutral	0.182	0.000	0.052	0.005	0.168	0.001	0.593
neutral	0.127	0.000	0.025	0.004	0.139	0.000	0.704
neutral	0.145	0.000	0.041	0.006	0.160	0.000	0.648
neutral	0.140	0.000	0.110	0.003	0.295	0.000	0.451
neutral	0.203	0.000	0.135	0.004	0.246	0.001	0.410
neutral	0.085	0.000	0.073	0.007	0.151	0.001	0.683
neutral	0.171	0.000	0.072	0.004	0.215	0.000	0.537
neutral	0.077	0.000	0.036	0.006	0.077	0.001	0.803
neutral	0.127	0.000	0.061	0.012	0.202	0.001	0.597
neutral	0.128	0.000	0.053	0.012	0.160	0.001	0.647
neutral	0.230	0.000	0.028	0.003	0.224	0.000	0.515
neutral	0.172	0.000	0.027	0.005	0.171	0.000	0.624
neutral	0.149	0.000	0.029	0.005	0.152	0.000	0.664
neutral	0.169	0.000	0.076	0.004	0.288	0.001	0.463
neutral	0.156	0.000	0.019	0.013	0.245	0.000	0.567
neutral	0.137	0.000	0.071	0.004	0.212	0.001	0.575
neutral	0.192	0.000	0.068	0.004	0.275	0.000	0.461
neutral	0.159	0.000	0.065	0.005	0.250	0.001	0.520
neutral	0.112	0.000	0.047	0.004	0.283	0.000	0.553
neutral	0.096	0.000	0.094	0.008	0.244	0.001	0.557
neutral	0.192	0.000	0.078	0.005	0.276	0.001	0.448
neutral	0.154	0.000	0.063	0.005	0.248	0.001	0.529
neutral	0.110	0.000	0.053	0.005	0.158	0.000	0.675
sad	0.193	0.000	0.024	0.005	0.438	0.000	0.340
neutral	0.084	0.000	0.058	0.009	0.159	0.001	0.689
neutral	0.171	0.000	0.084	0.009	0.191	0.000	0.544
neutral	0.134	0.000	0.053	0.007	0.212	0.000	0.593
neutral	0.189	0.000	0.079	0.012	0.183	0.001	0.536
neutral	0.209	0.000	0.090	0.008	0.196	0.001	0.498
neutral	0.193	0.000	0.089	0.004	0.269	0.001	0.444
neutral	0.205	0.000	0.067	0.004	0.163	0.000	0.561
neutral	0.139	0.000	0.043	0.005	0.132	0.000	0.681
neutral	0.129	0.000	0.073	0.005	0.160	0.001	0.633
neutral	0.157	0.000	0.068	0.007	0.167	0.001	0.602
neutral	0.160	0.000	0.082	0.002	0.249	0.000	0.506
neutral	0.179	0.000	0.112	0.004	0.228	0.001	0.476
neutral	0.152	0.000	0.058	0.009	0.165	0.001	0.616
neutral	0.179	0.000	0.087	0.005	0.220	0.000	0.509
neutral	0.155	0.000	0.097	0.003	0.198	0.001	0.546
neutral	0.159	0.000	0.040	0.008	0.154	0.001	0.638
neutral	0.193	0.000	0.032	0.006	0.147	0.000	0.621
neutral	0.215	0.000	0.035	0.007	0.205	0.001	0.537
neutral	0.222	0.000	0.032	0.008	0.162	0.000	0.576
neutral	0.136	0.000	0.125	0.002	0.246	0.000	0.491
neutral	0.158	0.000	0.105	0.008	0.258	0.001	0.470
neutral	0.187	0.000	0.085	0.003	0.272	0.000	0.453
neutral	0.171	0.000	0.096	0.001	0.237	0.000	0.495
neutral	0.287	0.000	0.066	0.008	0.201	0.001	0.438
neutral	0.163	0.000	0.055	0.003	0.240	0.000	0.539
angry	0.370	0.000	0.028	0.005	0.250	0.000	0.347
neutral	0.274	0.000	0.026	0.003	0.246	0.000	0.451
neutral	0.336	0.000	0.015	0.002	0.301	0.000	0.345
neutral	0.201	0.000	0.027	0.008	0.235	0.000	0.529
neutral	0.298	0.000	0.028	0.004	0.285	0.000	0.385
neutral	0.196	0.000	0.054	0.018	0.194	0.000	0.537
neutral	0.141	0.000	0.035	0.006	0.243	0.000	0.574
neutral	0.108	0.000	0.073	0.008	0.183	0.001	0.626
neutral	0.214	0.000	0.073	0.006	0.200	0.001	0.506
neutral	0.142	0.000	0.036	0.019	0.075	0.001	0.727
neutral	0.143	0.000	0.044	0.019	0.068	0.003	0.723
neutral	0.289	0.000	0.044	0.011	0.085	0.002	0.569
neutral	0.153	0.000	0.058	0.026	0.074	0.006	0.683
neutral	0.108	0.000	0.071	0.025	0.100	0.009	0.687
neutral	0.102	0.000	0.071	0.021	0.117	0.009	0.680
neutral	0.128	0.000	0.071	0.015	0.072	0.005	0.711
neutral	0.234	0.000	0.094	0.008	0.119	0.010	0.534
neutral	0.110	0.000	0.038	0.013	0.088	0.003	0.748
neutral	0.139	0.000	0.020	0.008	0.062	0.001	0.770
neutral	0.201	0.000	0.025	0.003	0.103	0.000	0.669
neutral	0.173	0.000	0.041	0.004	0.150	0.001	0.631
neutral	0.176	0.000	0.017	0.004	0.128	0.000	0.675
neutral	0.155	0.000	0.007	0.003	0.095	0.000	0.740
neutral	0.205	0.000	0.024	0.002	0.323	0.000	0.446
neutral	0.238	0.000	0.026	0.002	0.283	0.000	0.451
neutral	0.193	0.000	0.017	0.002	0.275	0.000	0.513
neutral	0.254	0.000	0.038	0.003	0.345	0.000	0.359
neutral	0.160	0.000	0.070	0.006	0.369	0.000	0.395
neutral	0.072	0.000	0.100	0.013	0.279	0.001	0.536
sad	0.132	0.000	0.118	0.003	0.481	0.000	0.266
neutral	0.103	0.000	0.075	0.009	0.339	0.000	0.473
neutral	0.073	0.000	0.051	0.021	0.148	0.000	0.706
neutral	0.081	0.000	0.062	0.025	0.129	0.001	0.702
neutral	0.183	0.000	0.046	0.025	0.209	0.000	0.538
neutral	0.098	0.000	0.032	0.028	0.131	0.000	0.710
neutral	0.081	0.000	0.019	0.033	0.066	0.000	0.800
neutral	0.105	0.000	0.045	0.020	0.047	0.002	0.781
neutral	0.088	0.000	0.051	0.024	0.054	0.001	0.782
neutral	0.069	0.000	0.084	0.017	0.107	0.001	0.722
neutral	0.041	0.000	0.042	0.014	0.152	0.000	0.751
neutral	0.122	0.000	0.031	0.007	0.397	0.000	0.442
neutral	0.159	0.000	0.035	0.002	0.376	0.000	0.428
neutral	0.073	0.000	0.173	0.018	0.087	0.002	0.647
neutral	0.092	0.000	0.020	0.006	0.240	0.000	0.642
neutral	0.055	0.000	0.030	0.017	0.115	0.000	0.783
neutral	0.149	0.000	0.099	0.010	0.113	0.001	0.628
neutral	0.054	0.000	0.125	0.008	0.176	0.000	0.635
neutral	0.098	0.000	0.020	0.010	0.177	0.000	0.695
neutral	0.076	0.000	0.042	0.035	0.157	0.000	0.690
neutral	0.048	0.000	0.191	0.015	0.160	0.001	0.584
neutral	0.090	0.000	0.051	0.012	0.129	0.000	0.718
sad	0.057	0.000	0.121	0.018	0.415	0.000	0.389
neutral	0.053	0.000	0.154	0.041	0.251	0.002	0.498
neutral	0.053	0.000	0.093	0.058	0.152	0.002	0.642
neutral	0.073	0.000	0.084	0.025	0.164	0.001	0.655
neutral	0.059	0.000	0.075	0.007	0.196	0.000	0.663
neutral	0.069	0.000	0.071	0.006	0.198	0.000	0.656
neutral	0.052	0.000	0.047	0.005	0.194	0.000	0.701
neutral	0.096	0.000	0.133	0.009	0.168	0.002	0.591
neutral	0.172	0.000	0.097	0.013	0.231	0.000	0.487
neutral	0.151	0.000	0.059	0.026	0.101	0.000	0.663
neutral	0.195	0.000	0.080	0.016	0.096	0.000	0.612
neutral	0.181	0.000	0.083	0.006	0.157	0.000	0.573
neutral	0.106	0.000	0.079	0.009	0.122	0.001	0.684
neutral	0.125	0.000	0.148	0.005	0.274	0.000	0.448
neutral	0.077	0.000	0.059	0.013	0.127	0.002	0.722
neutral	0.127	0.000	0.123	0.008	0.201	0.001	0.541
neutral	0.098	0.000	0.055	0.020	0.107	0.001	0.719
neutral	0.107	0.000	0.084	0.019	0.265	0.000	0.525
neutral	0.168	0.000	0.040	0.015	0.205	0.001	0.572
neutral	0.123	0.000	0.025	0.028	0.093	0.001	0.731
neutral	0.067	0.000	0.123	0.087	0.182	0.006	0.536
neutral	0.030	0.001	0.052	0.368	0.080	0.007	0.462
neutral	0.118	0.000	0.054	0.012	0.196	0.001	0.619
neutral	0.125	0.000	0.069	0.021	0.118	0.001	0.666
neutral	0.139	0.000	0.107	0.011	0.148	0.001	0.593
neutral	0.167	0.000	0.026	0.007	0.160	0.000	0.641
neutral	0.179	0.000	0.030	0.013	0.086	0.000	0.690
neutral	0.093	0.000	0.034	0.029	0.086	0.001	0.757
neutral	0.107	0.000	0.043	0.021	0.076	0.001	0.752
neutral	0.173	0.000	0.091	0.011	0.162	0.001	0.562
neutral	0.220	0.000	0.048	0.006	0.113	0.000	0.613
neutral	0.240	0.000	0.040	0.009	0.068	0.001	0.641
neutral	0.236	0.000	0.046	0.004	0.179	0.000	0.535
neutral	0.238	0.000	0.060	0.003	0.121	0.000	0.578
neutral	0.137	0.000	0.046	0.031	0.201	0.000	0.585
neutral	0.148	0.000	0.181	0.021	0.181	0.002	0.467
neutral	0.248	0.000	0.144	0.016	0.137	0.001	0.454
neutral	0.215	0.000	0.051	0.007	0.217	0.000	0.510
neutral	0.194	0.000	0.141	0.004	0.317	0.001	0.342
neutral	0.229	0.000	0.065	0.004	0.249	0.001	0.452
neutral	0.102	0.000	0.063	0.018	0.136	0.001	0.680
neutral	0.075	0.000	0.141	0.025	0.182	0.003	0.574
neutral	0.053	0.000	0.086	0.025	0.081	0.003	0.753
neutral	0.097	0.000	0.126	0.013	0.259	0.002	0.504
neutral	0.069	0.000	0.055	0.017	0.134	0.000	0.724
neutral	0.071	0.000	0.065	0.011	0.114	0.001	0.738
neutral	0.060	0.000	0.057	0.018	0.109	0.001	0.755
neutral	0.076	0.000	0.023	0.023	0.051	0.000	0.826
neutral	0.060	0.000	0.026	0.018	0.067	0.000	0.829
neutral	0.065	0.000	0.076	0.012	0.128	0.003	0.715
neutral	0.091	0.000	0.017	0.018	0.040	0.001	0.834
neutral	0.260	0.000	0.018	0.005	0.255	0.000	0.461
neutral	0.081	0.000	0.040	0.046	0.109	0.001	0.723
neutral	0.088	0.000	0.050	0.038	0.065	0.002	0.757
neutral	0.191	0.000	0.046	0.024	0.177	0.001	0.561
neutral	0.120	0.000	0.048	0.028	0.100	0.001	0.703
neutral	0.181	0.000	0.024	0.028	0.176	0.000	0.590
neutral	0.099	0.000	0.094	0.052	0.130	0.005	0.620
sad	0.271	0.000	0.022	0.008	0.411	0.000	0.288
neutral	0.194	0.000	0.035	0.017	0.233	0.001	0.521
neutral	0.211	0.000	0.017	0.012	0.274	0.000	0.484
neutral	0.064	0.000	0.079	0.041	0.114	0.003	0.700
neutral	0.160	0.000	0.026	0.025	0.123	0.001	0.666
neutral	0.227	0.000	0.019	0.012	0.345	0.000	0.396
neutral	0.083	0.000	0.052	0.030	0.153	0.001	0.681
neutral	0.111	0.000	0.067	0.030	0.218	0.001	0.573
neutral	0.064	0.000	0.025	0.062	0.076	0.001	0.773
neutral	0.156	0.000	0.034	0.047	0.190	0.001	0.573
neutral	0.102	0.000	0.104	0.046	0.115	0.005	0.629
neutral	0.091	0.000	0.084	0.060	0.121	0.002	0.642
neutral	0.115	0.000	0.100	0.052	0.088	0.005	0.640
neutral	0.033	0.000	0.024	0.075	0.040	0.002	0.826
neutral	0.066	0.000	0.064	0.029	0.076	0.001	0.764
neutral	0.055	0.000	0.044	0.018	0.076	0.001	0.806
neutral	0.068	0.000	0.035	0.011	0.097	0.000	0.788
neutral	0.071	0.000	0.032	0.013	0.115	0.001	0.768
neutral	0.050	0.000	0.106	0.047	0.127	0.008	0.662
neutral	0.045	0.000	0.024	0.041	0.058	0.001	0.830
neutral	0.051	0.000	0.023	0.072	0.041	0.001	0.811
neutral	0.092	0.000	0.044	0.020	0.090	0.001	0.754
neutral	0.124	0.000	0.045	0.016	0.271	0.000	0.544
neutral	0.097	0.000	0.074	0.005	0.155	0.001	0.668
neutral	0.145	0.000	0.058	0.025	0.137	0.002	0.634
neutral	0.185	0.000	0.060	0.016	0.115	0.003	0.621
neutral	0.149	0.000	0.039	0.013	0.154	0.001	0.644
neutral	0.100	0.000	0.026	0.037	0.132	0.001	0.704
neutral	0.061	0.000	0.028	0.016	0.132	0.001	0.762
neutral	0.149	0.000	0.078	0.037	0.143	0.005	0.587
neutral	0.091	0.000	0.105	0.034	0.124	0.009	0.637
neutral	0.058	0.000	0.049	0.026	0.074	0.002	0.790
neutral	0.122	0.000	0.066	0.017	0.166	0.001	0.628
neutral	0.238	0.000	0.021	0.006	0.212	0.000	0.522
neutral	0.106	0.000	0.025	0.012	0.094	0.001	0.763
neutral	0.066	0.000	0.046	0.018	0.129	0.000	0.740
neutral	0.058	0.000	0.081	0.013	0.130	0.001	0.716
neutral	0.055	0.000	0.017	0.020	0.064	0.000	0.843
neutral	0.071	0.000	0.059	0.018	0.140	0.001	0.712
neutral	0.086	0.000	0.041	0.009	0.146	0.000	0.717
neutral	0.073	0.000	0.023	0.015	0.058	0.001	0.829
neutral	0.123	0.000	0.050	0.006	0.105	0.001	0.716
neutral	0.124	0.000	0.028	0.006	0.174	0.000	0.668
neutral	0.077	0.000	0.029	0.024	0.100	0.001	0.769
neutral	0.094	0.000	0.070	0.017	0.119	0.002	0.698
neutral	0.110	0.000	0.078	0.016	0.114	0.005	0.677
neutral	0.165	0.000	0.109	0.014	0.167	0.003	0.542
neutral	0.178	0.000	0.125	0.008	0.166	0.007	0.515
neutral	0.171	0.000	0.062	0.010	0.109	0.006	0.641
neutral	0.066	0.000	0.035	0.016	0.120	0.001	0.762
neutral	0.060	0.000	0.085	0.019	0.188	0.003	0.645
neutral	0.080	0.000	0.301	0.026	0.253	0.021	0.319
neutral	0.154	0.000	0.096	0.019	0.181	0.003	0.547
neutral	0.098	0.000	0.053	0.011	0.164	0.001	0.674
neutral	0.093	0.000	0.238	0.023	0.218	0.005	0.424
neutral	0.057	0.000	0.120	0.011	0.193	0.001	0.618
neutral	0.136	0.000	0.199	0.002	0.273	0.002	0.387
sad	0.156	0.000	0.215	0.001	0.321	0.001	0.306
neutral	0.046	0.000	0.219	0.007	0.297	0.001	0.429
neutral	0.063	0.000	0.089	0.007	0.182	0.001	0.658
neutral	0.041	0.000	0.093	0.024	0.157	0.001	0.683
neutral	0.061	0.000	0.082	0.015	0.200	0.001	0.641
neutral	0.052	0.002	0.204	0.042	0.232	0.006	0.461
neutral	0.050	0.001	0.131	0.067	0.184	0.003	0.565
neutral	0.059	0.001	0.135	0.042	0.257	0.001	0.506
neutral	0.040	0.000	0.118	0.025	0.175	0.001	0.639
neutral	0.056	0.001	0.110	0.019	0.221	0.001	0.592
neutral	0.077	0.010	0.165	0.011	0.209	0.002	0.527
neutral	0.116	0.004	0.174	0.032	0.284	0.005	0.385
neutral	0.035	0.001	0.078	0.079	0.098	0.002	0.707
neutral	0.057	0.006	0.139	0.026	0.238	0.002	0.533
neutral	0.069	0.003	0.189	0.233	0.208	0.014	0.282
neutral	0.029	0.001	0.070	0.121	0.223	0.003	0.553
neutral	0.042	0.000	0.072	0.064	0.218	0.002	0.603
neutral	0.048	0.000	0.050	0.087	0.137	0.001	0.676
neutral	0.070	0.000	0.066	0.128	0.106	0.003	0.628
neutral	0.111	0.000	0.092	0.035	0.158	0.001	0.602
neutral	0.098	0.000	0.046	0.027	0.098	0.001	0.731
neutral	0.070	0.000	0.037	0.035	0.116	0.001	0.742
neutral	0.074	0.000	0.135	0.027	0.215	0.006	0.544
neutral	0.047	0.000	0.112	0.014	0.168	0.017	0.642
neutral	0.076	0.000	0.103	0.015	0.124	0.008	0.675
neutral	0.087	0.000	0.059	0.031	0.198	0.001	0.624
neutral	0.085	0.002	0.100	0.033	0.150	0.005	0.624
neutral	0.091	0.000	0.060	0.007	0.243	0.001	0.597
neutral	0.075	0.000	0.045	0.012	0.106	0.001	0.761
neutral	0.107	0.004	0.173	0.017	0.255	0.002	0.442
neutral	0.068	0.001	0.162	0.007	0.246	0.002	0.515
neutral	0.081	0.001	0.207	0.008	0.179	0.005	0.519
neutral	0.068	0.001	0.115	0.009	0.160	0.002	0.646
neutral	0.107	0.001	0.080	0.004	0.204	0.001	0.602
neutral	0.144	0.002	0.167	0.006	0.218	0.005	0.457
neutral	0.044	0.001	0.132	0.012	0.173	0.001	0.638
neutral	0.040	0.000	0.089	0.021	0.177	0.003	0.669
neutral	0.060	0.000	0.033	0.047	0.091	0.000	0.769
neutral	0.045	0.000	0.019	0.040	0.065	0.000	0.831
neutral	0.039	0.000	0.162	0.025	0.337	0.005	0.432
neutral	0.031	0.000	0.155	0.026	0.300	0.007	0.481
neutral	0.033	0.002	0.127	0.057	0.270	0.006	0.505
neutral	0.019	0.000	0.066	0.025	0.083	0.002	0.805
neutral	0.117	0.000	0.209	0.038	0.147	0.014	0.474
neutral	0.115	0.000	0.176	0.026	0.168	0.009	0.505
neutral	0.065	0.000	0.062	0.016	0.115	0.001	0.741
neutral	0.059	0.000	0.032	0.016	0.105	0.001	0.788
neutral	0.098	0.000	0.133	0.008	0.155	0.001	0.605
neutral	0.135	0.000	0.203	0.012	0.193	0.003	0.454
neutral	0.131	0.000	0.058	0.010	0.147	0.001	0.654
neutral	0.068	0.000	0.124	0.005	0.371	0.001	0.430
neutral	0.111	0.000	0.077	0.005	0.308	0.001	0.498
neutral	0.037	0.000	0.026	0.036	0.073	0.001	0.827
neutral	0.067	0.000	0.131	0.032	0.175	0.006	0.588
neutral	0.068	0.000	0.239	0.028	0.203	0.007	0.455
neutral	0.109	0.000	0.058	0.055	0.133	0.003	0.641
neutral	0.088	0.000	0.087	0.035	0.147	0.001	0.643
neutral	0.054	0.000	0.059	0.028	0.111	0.001	0.747
neutral	0.220	0.000	0.058	0.003	0.345	0.000	0.374
sad	0.257	0.000	0.081	0.001	0.399	0.000	0.261
neutral	0.097	0.000	0.088	0.007	0.186	0.000	0.621
neutral	0.175	0.000	0.095	0.003	0.240	0.000	0.486
neutral	0.091	0.000	0.018	0.013	0.083	0.000	0.794
neutral	0.137	0.000	0.031	0.004	0.179	0.000	0.649
neutral	0.277	0.000	0.027	0.002	0.260	0.000	0.434
neutral	0.223	0.000	0.021	0.002	0.237	0.000	0.517
neutral	0.244	0.000	0.011	0.002	0.171	0.000	0.573
neutral	0.231	0.000	0.010	0.008	0.179	0.000	0.572
neutral	0.116	0.000	0.018	0.002	0.258	0.000	0.605
neutral	0.156	0.000	0.019	0.007	0.175	0.000	0.644
neutral	0.142	0.000	0.012	0.003	0.182	0.000	0.661
neutral	0.137	0.000	0.016	0.007	0.189	0.000	0.651
neutral	0.144	0.000	0.026	0.007	0.209	0.000	0.613
neutral	0.096	0.000	0.022	0.013	0.170	0.000	0.698
neutral	0.119	0.000	0.028	0.007	0.207	0.000	0.639
neutral	0.094	0.000	0.013	0.002	0.265	0.000	0.625
neutral	0.092	0.000	0.019	0.002	0.270	0.000	0.618
neutral	0.061	0.000	0.014	0.007	0.152	0.000	0.767
neutral	0.089	0.000	0.025	0.003	0.240	0.000	0.644
neutral	0.100	0.000	0.029	0.004	0.229	0.000	0.639
neutral	0.062	0.000	0.021	0.004	0.132	0.000	0.781
neutral	0.035	0.000	0.022	0.006	0.141	0.000	0.797
neutral	0.053	0.000	0.021	0.006	0.144	0.000	0.775
neutral	0.040	0.000	0.036	0.010	0.131	0.000	0.784
neutral	0.072	0.000	0.053	0.004	0.212	0.000	0.659
neutral	0.038	0.000	0.056	0.015	0.138	0.001	0.752
neutral	0.095	0.000	0.052	0.008	0.160	0.000	0.684
neutral	0.058	0.000	0.087	0.006	0.161	0.001	0.687
neutral	0.040	0.000	0.047	0.012	0.115	0.000	0.786
neutral	0.058	0.000	0.088	0.010	0.166	0.000	0.677
neutral	0.049	0.000	0.102	0.010	0.171	0.001	0.667
neutral	0.046	0.000	0.110	0.008	0.187	0.000	0.648
neutral	0.050	0.000	0.095	0.011	0.149	0.001	0.693
neutral	0.058	0.000	0.097	0.016	0.162	0.001	0.666
neutral	0.056	0.000	0.104	0.009	0.171	0.001	0.659
neutral	0.078	0.000	0.116	0.010	0.222	0.001	0.573
neutral	0.062	0.000	0.137	0.012	0.185	0.001	0.602
neutral	0.070	0.000	0.140	0.012	0.217	0.001	0.560
neutral	0.046	0.000	0.051	0.013	0.103	0.000	0.786
neutral	0.046	0.000	0.082	0.019	0.186	0.001	0.666
neutral	0.043	0.000	0.082	0.011	0.121	0.000	0.743
neutral	0.065	0.000	0.063	0.013	0.181	0.001	0.678
neutral	0.023	0.000	0.041	0.034	0.096	0.000	0.805
neutral	0.031	0.000	0.078	0.011	0.168	0.000	0.712
neutral	0.036	0.000	0.040	0.015	0.153	0.000	0.756
neutral	0.066	0.001	0.132	0.014	0.228	0.001	0.559
neutral	0.070	0.000	0.112	0.013	0.174	0.001	0.630
neutral	0.046	0.000	0.108	0.013	0.133	0.001	0.700
neutral	0.047	0.000	0.071	0.011	0.184	0.001	0.687
neutral	0.046	0.000	0.052	0.010	0.140	0.000	0.752
neutral	0.060	0.000	0.040	0.006	0.180	0.000	0.714
neutral	0.034	0.000	0.054	0.006	0.120	0.000	0.785
neutral	0.036	0.000	0.068	0.010	0.180	0.000	0.706
neutral	0.061	0.000	0.046	0.005	0.166	0.000	0.722
neutral	0.040	0.000	0.028	0.008	0.141	0.000	0.783
neutral	0.033	0.000	0.028	0.008	0.102	0.000	0.829
neutral	0.079	0.000	0.050	0.002	0.177	0.000	0.692
neutral	0.042	0.000	0.026	0.006	0.120	0.000	0.807
neutral	0.044	0.000	0.062	0.007	0.177	0.000	0.710
neutral	0.045	0.000	0.042	0.006	0.119	0.001	0.787
neutral	0.057	0.000	0.029	0.002	0.145	0.000	0.766
neutral	0.048	0.000	0.037	0.012	0.100	0.000	0.803
neutral	0.042	0.000	0.026	0.006	0.138	0.000	0.787
neutral	0.057	0.000	0.044	0.007	0.197	0.000	0.694
neutral	0.043	0.000	0.023	0.004	0.149	0.000	0.780
neutral	0.051	0.000	0.053	0.005	0.233	0.000	0.658
neutral	0.049	0.000	0.047	0.002	0.192	0.000	0.709
neutral	0.040	0.000	0.031	0.003	0.133	0.000	0.793
neutral	0.061	0.000	0.045	0.003	0.212	0.000	0.679
neutral	0.050	0.000	0.043	0.003	0.229	0.000	0.674
neutral	0.039	0.000	0.035	0.003	0.137	0.000	0.785
neutral	0.064	0.000	0.069	0.007	0.202	0.000	0.659
neutral	0.033	0.000	0.012	0.003	0.109	0.000	0.841
neutral	0.044	0.000	0.043	0.012	0.214	0.000	0.687
neutral	0.050	0.000	0.023	0.002	0.147	0.000	0.777
neutral	0.046	0.000	0.017	0.003	0.135	0.000	0.799
neutral	0.047	0.000	0.028	0.013	0.081	0.000	0.830
neutral	0.063	0.000	0.023	0.005	0.154	0.000	0.754
neutral	0.060	0.000	0.013	0.004	0.142	0.000	0.781
neutral	0.111	0.000	0.024	0.005	0.244	0.000	0.615
sad	0.136	0.000	0.041	0.005	0.510	0.000	0.308
neutral	0.144	0.000	0.019	0.014	0.228	0.000	0.594
neutral	0.159	0.000	0.033	0.008	0.312	0.000	0.488
neutral	0.129	0.000	0.034	0.007	0.390	0.000	0.440
neutral	0.170	0.000	0.019	0.002	0.330	0.000	0.479
neutral	0.133	0.000	0.024	0.006	0.231	0.000	0.606
neutral	0.068	0.000	0.038	0.009	0.238	0.000	0.647
neutral	0.059	0.000	0.028	0.007	0.126	0.000	0.780
neutral	0.086	0.000	0.052	0.005	0.201	0.000	0.655
neutral	0.053	0.000	0.063	0.008	0.233	0.000	0.643
neutral	0.047	0.000	0.101	0.004	0.319	0.001	0.528
neutral	0.113	0.000	0.044	0.005	0.135	0.001	0.702
neutral	0.111	0.000	0.023	0.009	0.108	0.000	0.749
neutral	0.159	0.000	0.136	0.043	0.120	0.004	0.538
neutral	0.194	0.000	0.017	0.001	0.261	0.000	0.527
neutral	0.178	0.000	0.186	0.011	0.189	0.003	0.433
neutral	0.152	0.000	0.089	0.011	0.141	0.001	0.607
neutral	0.083	0.000	0.145	0.040	0.156	0.003	0.572
neutral	0.118	0.000	0.062	0.031	0.122	0.001	0.666
neutral	0.077	0.000	0.035	0.018	0.107	0.000	0.762
neutral	0.127	0.000	0.100	0.034	0.115	0.002	0.621
neutral	0.121	0.000	0.070	0.014	0.124	0.000	0.671
neutral	0.204	0.000	0.101	0.008	0.213	0.002	0.472
neutral	0.059	0.000	0.111	0.008	0.282	0.001	0.538
neutral	0.242	0.000	0.117	0.006	0.263	0.002	0.370
neutral	0.159	0.000	0.074	0.011	0.188	0.001	0.567
neutral	0.101	0.000	0.321	0.058	0.090	0.026	0.404
neutral	0.124	0.000	0.032	0.006	0.199	0.000	0.639
neutral	0.082	0.000	0.023	0.019	0.097	0.000	0.779
neutral	0.077	0.000	0.021	0.014	0.111	0.000	0.777
neutral	0.107	0.000	0.064	0.020	0.097	0.001	0.712
neutral	0.175	0.000	0.082	0.006	0.123	0.001	0.613
neutral	0.127	0.000	0.031	0.034	0.116	0.001	0.690
neutral	0.197	0.000	0.035	0.012	0.153	0.001	0.602
fear	0.116	0.000	0.364	0.007	0.332	0.016	0.165
neutral	0.268	0.000	0.056	0.015	0.167	0.002	0.491
neutral	0.317	0.000	0.051	0.044	0.103	0.004	0.481
happy	0.037	0.000	0.058	0.684	0.057	0.007	0.157
happy	0.070	0.000	0.011	0.721	0.035	0.001	0.161
happy	0.044	0.000	0.006	0.779	0.019	0.002	0.150
neutral	0.073	0.000	0.073	0.066	0.181	0.005	0.601
neutral	0.138	0.000	0.093	0.025	0.140	0.003	0.600
neutral	0.080	0.000	0.081	0.015	0.082	0.002	0.740
neutral	0.103	0.000	0.082	0.014	0.070	0.001	0.730
neutral	0.207	0.000	0.028	0.015	0.162	0.001	0.587
neutral	0.189	0.000	0.018	0.004	0.157	0.000	0.633
neutral	0.072	0.000	0.024	0.026	0.140	0.000	0.737
neutral	0.069	0.000	0.049	0.062	0.125	0.003	0.691
neutral	0.112	0.000	0.062	0.056	0.163	0.001	0.605
neutral	0.046	0.000	0.196	0.041	0.186	0.006	0.525
neutral	0.137	0.000	0.090	0.087	0.087	0.008	0.591
neutral	0.177	0.000	0.034	0.003	0.169	0.000	0.617
neutral	0.165	0.000	0.182	0.009	0.209	0.002	0.433
neutral	0.090	0.000	0.011	0.009	0.050	0.000	0.839
neutral	0.118	0.000	0.007	0.007	0.063	0.000	0.804
neutral	0.052	0.000	0.018	0.015	0.099	0.001	0.816
neutral	0.029	0.000	0.024	0.013	0.079	0.000	0.855
neutral	0.055	0.000	0.104	0.008	0.103	0.002	0.728
neutral	0.066	0.000	0.033	0.008	0.108	0.000	0.785
neutral	0.052	0.000	0.037	0.010	0.073	0.002	0.826
neutral	0.063	0.000	0.071	0.015	0.137	0.001	0.712
neutral	0.107	0.000	0.146	0.041	0.124	0.008	0.574
neutral	0.142	0.000	0.023	0.004	0.138	0.000	0.693
neutral	0.108	0.000	0.054	0.007	0.220	0.000	0.611
neutral	0.059	0.000	0.033	0.017	0.069	0.001	0.820
neutral	0.043	0.000	0.058	0.007	0.130	0.001	0.760
neutral	0.087	0.000	0.033	0.004	0.133	0.000	0.742
neutral	0.077	0.000	0.038	0.008	0.112	0.000	0.764
neutral	0.052	0.000	0.134	0.038	0.112	0.020	0.644
neutral	0.065	0.000	0.019	0.030	0.055	0.000	0.832
neutral	0.055	0.000	0.011	0.028	0.047	0.000	0.858
neutral	0.179	0.000	0.021	0.024	0.181	0.000	0.595
neutral	0.144	0.000	0.008	0.033	0.132	0.000	0.684
neutral	0.077	0.000	0.027	0.019	0.061	0.000	0.815
neutral	0.156	0.000	0.053	0.007	0.145	0.000	0.640
neutral	0.103	0.000	0.035	0.017	0.045	0.001	0.798
neutral	0.086	0.000	0.030	0.022	0.048	0.001	0.812
neutral	0.247	0.000	0.032	0.006	0.080	0.001	0.635
neutral	0.118	0.000	0.048	0.011	0.134	0.001	0.687
neutral	0.101	0.000	0.023	0.020	0.051	0.001	0.803
neutral	0.096	0.000	0.023	0.015	0.051	0.001	0.815
neutral	0.058	0.000	0.104	0.039	0.158	0.002	0.639
neutral	0.076	0.000	0.072	0.071	0.075	0.003	0.703
neutral	0.054	0.000	0.018	0.053	0.032	0.002	0.841
neutral	0.080	0.000	0.033	0.029	0.074	0.001	0.783
neutral	0.049	0.000	0.043	0.047	0.042	0.005	0.815
neutral	0.138	0.000	0.064	0.012	0.087	0.001	0.699
neutral	0.106	0.000	0.040	0.057	0.111	0.001	0.686
neutral	0.080	0.000	0.031	0.059	0.146	0.000	0.684
neutral	0.040	0.000	0.015	0.031	0.025	0.000	0.888
neutral	0.089	0.000	0.047	0.037	0.087	0.001	0.739
neutral	0.048	0.000	0.040	0.026	0.061	0.001	0.825
neutral	0.067	0.000	0.019	0.007	0.059	0.000	0.847
neutral	0.063	0.000	0.049	0.060	0.070	0.003	0.756
neutral	0.042	0.000	0.036	0.285	0.067	0.002	0.567
happy	0.013	0.000	0.010	0.696	0.012	0.003	0.267
neutral	0.024	0.000	0.034	0.384	0.065	0.004	0.488
neutral	0.120	0.000	0.044	0.002	0.127	0.000	0.707
neutral	0.083	0.000	0.015	0.010	0.039	0.001	0.853
neutral	0.157	0.000	0.031	0.015	0.067	0.001	0.728
neutral	0.102	0.000	0.050	0.026	0.058	0.002	0.762
neutral	0.150	0.000	0.111	0.029	0.094	0.002	0.614
neutral	0.084	0.000	0.069	0.070	0.055	0.003	0.720
neutral	0.148	0.000	0.055	0.007	0.098	0.001	0.691
neutral	0.051	0.000	0.077	0.011	0.188	0.001	0.671
neutral	0.064	0.000	0.044	0.017	0.080	0.001	0.794
neutral	0.082	0.000	0.036	0.018	0.079	0.001	0.784
neutral	0.060	0.000	0.035	0.017	0.080	0.000	0.807
neutral	0.053	0.000	0.038	0.018	0.063	0.000	0.827
neutral	0.046	0.000	0.014	0.026	0.030	0.001	0.884
neutral	0.057	0.000	0.041	0.046	0.076	0.003	0.778
happy	0.045	0.000	0.072	0.512	0.100	0.014	0.257
happy	0.016	0.000	0.038	0.450	0.062	0.006	0.428
happy	0.009	0.002	0.006	0.892	0.011	0.002	0.079
neutral	0.068	0.004	0.031	0.381	0.096	0.009	0.410
neutral	0.066	0.000	0.034	0.025	0.062	0.001	0.812
neutral	0.036	0.000	0.009	0.017	0.035	0.000	0.903
neutral	0.059	0.000	0.025	0.016	0.062	0.000	0.838
neutral	0.170	0.000	0.090	0.009	0.137	0.004	0.591
neutral	0.127	0.000	0.035	0.007	0.099	0.002	0.730
neutral	0.075	0.000	0.046	0.017	0.061	0.002	0.798
neutral	0.046	0.000	0.094	0.043	0.185	0.004	0.629
neutral	0.268	0.000	0.116	0.004	0.270	0.001	0.341
neutral	0.238	0.000	0.068	0.002	0.215	0.001	0.475
neutral	0.171	0.000	0.072	0.009	0.237	0.001	0.511
neutral	0.089	0.000	0.026	0.007	0.116	0.000	0.762
neutral	0.132	0.000	0.099	0.026	0.188	0.002	0.553
neutral	0.078	0.000	0.039	0.029	0.112	0.001	0.742
neutral	0.123	0.001	0.087	0.058	0.181	0.002	0.548
neutral	0.077	0.000	0.037	0.076	0.082	0.002	0.725
neutral	0.079	0.000	0.032	0.055	0.085	0.001	0.747
neutral	0.103	0.000	0.031	0.038	0.152	0.001	0.675
neutral	0.064	0.000	0.030	0.019	0.150	0.000	0.737
neutral	0.076	0.000	0.023	0.055	0.129	0.000	0.717
neutral	0.035	0.000	0.050	0.044	0.196	0.000	0.675
neutral	0.055	0.000	0.043	0.020	0.158	0.000	0.724
sad	0.114	0.000	0.063	0.008	0.466	0.000	0.350
sad	0.138	0.000	0.051	0.006	0.456	0.000	0.349
neutral	0.097	0.000	0.045	0.017	0.328	0.000	0.514
neutral	0.151	0.000	0.023	0.020	0.246	0.000	0.559
sad	0.227	0.000	0.068	0.011	0.382	0.000	0.313
sad	0.194	0.000	0.032	0.007	0.473	0.000	0.294
neutral	0.189	0.000	0.030	0.011	0.380	0.000	0.390
neutral	0.122	0.000	0.037	0.015	0.354	0.000	0.472
neutral	0.206	0.000	0.043	0.014	0.339	0.000	0.397
neutral	0.173	0.000	0.031	0.009	0.381	0.000	0.405
sad	0.144	0.000	0.059	0.016	0.416	0.000	0.364
neutral	0.097	0.000	0.026	0.012	0.220	0.000	0.645
neutral	0.090	0.000	0.032	0.007	0.298	0.000	0.573
neutral	0.074	0.000	0.044	0.005	0.419	0.000	0.458
neutral	0.111	0.000	0.029	0.006	0.350	0.000	0.504
neutral	0.141	0.000	0.063	0.021	0.262	0.000	0.512
neutral	0.085	0.000	0.043	0.021	0.286	0.000	0.565
neutral	0.100	0.000	0.027	0.015	0.379	0.000	0.479
neutral	0.166	0.000	0.050	0.012	0.327	0.000	0.445
sad	0.188	0.000	0.048	0.006	0.416	0.000	0.341
sad	0.129	0.000	0.051	0.008	0.440	0.000	0.372
neutral	0.112	0.000	0.072	0.010	0.283	0.000	0.522
neutral	0.092	0.000	0.061	0.018	0.412	0.000	0.415
neutral	0.075	0.000	0.052	0.015	0.318	0.000	0.539
sad	0.108	0.000	0.089	0.008	0.497	0.000	0.298
neutral	0.077	0.000	0.065	0.011	0.383	0.000	0.463
sad	0.075	0.000	0.044	0.004	0.460	0.000	0.416
neutral	0.037	0.000	0.038	0.028	0.190	0.000	0.707
neutral	0.067	0.000	0.056	0.004	0.419	0.000	0.454
sad	0.061	0.000	0.040	0.004	0.499	0.000	0.397
sad	0.068	0.000	0.086	0.003	0.570	0.000	0.272
sad	0.052	0.000	0.077	0.004	0.583	0.000	0.284
sad	0.043	0.000	0.086	0.004	0.558	0.000	0.309
sad	0.074	0.000	0.104	0.005	0.579	0.000	0.238
sad	0.080	0.000	0.065	0.003	0.479	0.000	0.373
sad	0.086	0.000	0.064	0.004	0.593	0.000	0.253
sad	0.081	0.000	0.059	0.003	0.540	0.000	0.316
sad	0.083	0.000	0.075	0.027	0.482	0.001	0.333
sad	0.085	0.000	0.054	0.010	0.535	0.000	0.315
neutral	0.062	0.000	0.057	0.008	0.424	0.000	0.449
neutral	0.084	0.000	0.057	0.010	0.420	0.000	0.429
sad	0.084	0.000	0.053	0.010	0.464	0.000	0.389
sad	0.096	0.000	0.036	0.014	0.551	0.000	0.303
sad	0.081	0.000	0.063	0.003	0.573	0.000	0.279
sad	0.074	0.000	0.074	0.004	0.516	0.000	0.331
sad	0.053	0.000	0.096	0.008	0.586	0.001	0.256
sad	0.074	0.000	0.064	0.006	0.458	0.000	0.397
sad	0.048	0.000	0.051	0.004	0.493	0.000	0.404
sad	0.107	0.000	0.051	0.003	0.523	0.000	0.316
sad	0.053	0.000	0.039	0.014	0.490	0.000	0.405
sad	0.085	0.000	0.063	0.008	0.509	0.000	0.335
neutral	0.066	0.000	0.058	0.008	0.422	0.000	0.445
neutral	0.060	0.000	0.059	0.021	0.429	0.000	0.430
neutral	0.087	0.000	0.037	0.010	0.301	0.000	0.567
neutral	0.056	0.000	0.040	0.007	0.425	0.000	0.471
sad	0.056	0.000	0.059	0.008	0.468	0.000	0.410
neutral	0.079	0.001	0.060	0.014	0.227	0.000	0.619
neutral	0.176	0.000	0.043	0.004	0.326	0.000	0.451
neutral	0.092	0.000	0.034	0.004	0.211	0.000	0.658
neutral	0.091	0.000	0.059	0.004	0.371	0.000	0.474
neutral	0.149	0.000	0.026	0.006	0.223	0.000	0.596
neutral	0.095	0.000	0.042	0.003	0.284	0.000	0.577
neutral	0.105	0.000	0.026	0.005	0.229	0.000	0.635
neutral	0.180	0.000	0.033	0.007	0.266	0.000	0.514
neutral	0.064	0.000	0.025	0.010	0.125	0.000	0.776
neutral	0.047	0.000	0.044	0.031	0.131	0.000	0.747
neutral	0.039	0.000	0.023	0.018	0.186	0.000	0.735
neutral	0.058	0.000	0.032	0.009	0.289	0.000	0.611
neutral	0.049	0.000	0.025	0.008	0.122	0.000	0.796
neutral	0.056	0.000	0.021	0.005	0.181	0.000	0.737
neutral	0.085	0.000	0.051	0.007	0.278	0.000	0.578
neutral	0.081	0.000	0.030	0.010	0.188	0.000	0.692
neutral	0.093	0.000	0.034	0.002	0.285	0.000	0.586
neutral	0.126	0.000	0.037	0.002	0.346	0.000	0.488
neutral	0.104	0.000	0.023	0.003	0.274	0.000	0.595
neutral	0.163	0.000	0.024	0.004	0.268	0.000	0.541
neutral	0.111	0.000	0.032	0.002	0.377	0.000	0.479
neutral	0.135	0.000	0.039	0.005	0.285	0.000	0.536
neutral	0.113	0.000	0.032	0.003	0.282	0.000	0.570
neutral	0.113	0.000	0.013	0.007	0.348	0.000	0.519
neutral	0.147	0.000	0.023	0.005	0.282	0.000	0.542
sad	0.132	0.000	0.031	0.003	0.420	0.000	0.414
neutral	0.141	0.000	0.034	0.003	0.330	0.000	0.492
neutral	0.129	0.000	0.014	0.002	0.158	0.000	0.697
neutral	0.096	0.000	0.024	0.003	0.230	0.000	0.647
neutral	0.097	0.000	0.015	0.002	0.141	0.000	0.745
neutral	0.130	0.000	0.029	0.003	0.258	0.000	0.579
neutral	0.138	0.000	0.021	0.002	0.181	0.000	0.659
neutral	0.108	0.000	0.015	0.004	0.087	0.000	0.786
neutral	0.265	0.000	0.034	0.002	0.335	0.000	0.364
neutral	0.243	0.000	0.024	0.003	0.220	0.000	0.509
neutral	0.164	0.000	0.012	0.004	0.084	0.000	0.736
neutral	0.217	0.000	0.020	0.005	0.174	0.000	0.583
neutral	0.134	0.000	0.012	0.004	0.109	0.000	0.741
neutral	0.190	0.000	0.030	0.008	0.178	0.000	0.594
neutral	0.134	0.000	0.014	0.004	0.090	0.000	0.758
neutral	0.111	0.000	0.013	0.006	0.082	0.000	0.788
neutral	0.099	0.000	0.010	0.004	0.068	0.000	0.819
neutral	0.089	0.000	0.039	0.002	0.296	0.000	0.575
neutral	0.093	0.000	0.022	0.007	0.131	0.000	0.748
neutral	0.065	0.000	0.006	0.007	0.055	0.000	0.868
neutral	0.138	0.000	0.011	0.004	0.099	0.000	0.747
neutral	0.141	0.000	0.009	0.002	0.091	0.000	0.756
neutral	0.154	0.000	0.013	0.003	0.100	0.000	0.730
neutral	0.146	0.000	0.019	0.005	0.128	0.000	0.703
neutral	0.177	0.000	0.039	0.006	0.168	0.000	0.609
neutral	0.218	0.000	0.023	0.003	0.121	0.000	0.635
neutral	0.111	0.000	0.089	0.001	0.298	0.000	0.499
neutral	0.116	0.000	0.014	0.003	0.091	0.000	0.775
neutral	0.047	0.000	0.046	0.002	0.282	0.000	0.622
neutral	0.062	0.000	0.011	0.002	0.084	0.000	0.841
neutral	0.132	0.000	0.033	0.001	0.153	0.000	0.680
neutral	0.153	0.000	0.042	0.003	0.144	0.001	0.657
neutral	0.101	0.000	0.016	0.003	0.081	0.000	0.799
neutral	0.070	0.000	0.007	0.009	0.061	0.000	0.853
neutral	0.191	0.000	0.021	0.004	0.123	0.000	0.660
neutral	0.178	0.000	0.022	0.004	0.113	0.000	0.682
neutral	0.184	0.000	0.018	0.005	0.099	0.000	0.693
neutral	0.184	0.000	0.029	0.003	0.128	0.000	0.655
neutral	0.206	0.000	0.073	0.003	0.165	0.001	0.552
neutral	0.249	0.000	0.137	0.003	0.243	0.001	0.367
neutral	0.168	0.000	0.022	0.006	0.115	0.000	0.689
neutral	0.125	0.000	0.027	0.003	0.153	0.000	0.693
neutral	0.123	0.000	0.022	0.003	0.103	0.000	0.748
neutral	0.082	0.000	0.010	0.004	0.121	0.000	0.783
neutral	0.147	0.000	0.045	0.004	0.174	0.001	0.630
neutral	0.124	0.000	0.057	0.003	0.199	0.000	0.616
neutral	0.117	0.000	0.021	0.005	0.087	0.000	0.770
neutral	0.147	0.000	0.027	0.005	0.082	0.000	0.738
neutral	0.112	0.000	0.017	0.002	0.125	0.000	0.744
neutral	0.155	0.000	0.038	0.004	0.177	0.001	0.626
neutral	0.168	0.000	0.033	0.004	0.106	0.001	0.688
neutral	0.094	0.000	0.022	0.003	0.115	0.000	0.765
neutral	0.084	0.000	0.022	0.007	0.104	0.000	0.783
neutral	0.087	0.000	0.014	0.006	0.116	0.000	0.777
neutral	0.063	0.000	0.009	0.006	0.056	0.000	0.866
neutral	0.123	0.000	0.032	0.005	0.139	0.000	0.701
neutral	0.064	0.000	0.008	0.007	0.049	0.000	0.872
neutral	0.091	0.000	0.008	0.003	0.131	0.000	0.767
neutral	0.063	0.000	0.010	0.006	0.062	0.000	0.858
neutral	0.051	0.000	0.006	0.004	0.039	0.000	0.899
neutral	0.148	0.000	0.017	0.004	0.179	0.000	0.652
neutral	0.149	0.000	0.013	0.003	0.140	0.000	0.696
neutral	0.149	0.000	0.042	0.004	0.212	0.000	0.592
neutral	0.070	0.000	0.013	0.004	0.081	0.000	0.833
neutral	0.152	0.000	0.021	0.002	0.191	0.000	0.633
neutral	0.154	0.000	0.039	0.002	0.205	0.000	0.600
neutral	0.106	0.000	0.032	0.001	0.223	0.000	0.637
neutral	0.069	0.000	0.010	0.001	0.127	0.000	0.792
neutral	0.123	0.000	0.022	0.002	0.242	0.000	0.611
neutral	0.219	0.000	0.024	0.003	0.231	0.000	0.523
neutral	0.113	0.000	0.011	0.004	0.164	0.000	0.707
neutral	0.127	0.000	0.018	0.003	0.173	0.000	0.679
neutral	0.085	0.000	0.008	0.002	0.102	0.000	0.803
neutral	0.191	0.000	0.018	0.001	0.154	0.000	0.636
neutral	0.069	0.000	0.028	0.004	0.099	0.000	0.799
neutral	0.123	0.000	0.024	0.005	0.091	0.000	0.757
neutral	0.139	0.000	0.021	0.002	0.130	0.000	0.707
neutral	0.158	0.000	0.026	0.006	0.108	0.000	0.702
neutral	0.057	0.000	0.018	0.025	0.074	0.000	0.827
neutral	0.092	0.000	0.023	0.013	0.124	0.001	0.746
neutral	0.155	0.000	0.042	0.005	0.186	0.000	0.611
neutral	0.176	0.000	0.071	0.014	0.196	0.001	0.541
neutral	0.097	0.000	0.032	0.007	0.203	0.000	0.660
neutral	0.113	0.000	0.032	0.012	0.250	0.000	0.592
neutral	0.106	0.000	0.048	0.012	0.208	0.001	0.624
neutral	0.094	0.000	0.028	0.027	0.143	0.001	0.707
neutral	0.094	0.000	0.036	0.019	0.119	0.001	0.731
neutral	0.085	0.000	0.023	0.010	0.140	0.000	0.743
neutral	0.073	0.000	0.012	0.003	0.130	0.000	0.782
neutral	0.084	0.000	0.017	0.004	0.180	0.000	0.716
neutral	0.081	0.000	0.032	0.014	0.142	0.000	0.730
neutral	0.064	0.000	0.023	0.011	0.107	0.000	0.795
neutral	0.072	0.000	0.016	0.007	0.084	0.000	0.821
neutral	0.076	0.000	0.030	0.018	0.137	0.001	0.740
neutral	0.073	0.000	0.037	0.012	0.118	0.000	0.760
neutral	0.093	0.000	0.019	0.005	0.107	0.000	0.776
neutral	0.128	0.000	0.014	0.005	0.098	0.000	0.755
neutral	0.130	0.000	0.022	0.004	0.173	0.000	0.670
neutral	0.136	0.000	0.026	0.004	0.115	0.000	0.720
neutral	0.168	0.000	0.022	0.011	0.106	0.000	0.693
neutral	0.110	0.000	0.022	0.025	0.096	0.000	0.747
neutral	0.090	0.000	0.013	0.009	0.095	0.000	0.794
neutral	0.098	0.000	0.016	0.010	0.091	0.000	0.785
neutral	0.067	0.000	0.015	0.019	0.069	0.000	0.829
neutral	0.108	0.000	0.014	0.009	0.064	0.000	0.805
neutral	0.165	0.000	0.032	0.009	0.141	0.000	0.653
neutral	0.219	0.000	0.035	0.002	0.149	0.000	0.594
neutral	0.089	0.000	0.037	0.006	0.127	0.000	0.741
neutral	0.152	0.000	0.017	0.008	0.133	0.000	0.690
neutral	0.124	0.000	0.012	0.009	0.109	0.000	0.747
neutral	0.140	0.000	0.020	0.005	0.130	0.000	0.705
neutral	0.162	0.000	0.031	0.003	0.167	0.000	0.637
neutral	0.186	0.000	0.089	0.003	0.196	0.001	0.526
neutral	0.086	0.000	0.029	0.014	0.127	0.000	0.743
neutral	0.119	0.000	0.037	0.006	0.120	0.001	0.718
