prediction	angry	disgust	fear	happy	sad	surprise	neutral
neutral	0.090	0.000	0.026	0.043	0.116	0.003	0.721
neutral	0.063	0.000	0.015	0.098	0.102	0.005	0.717
neutral	0.079	0.000	0.019	0.169	0.186	0.012	0.534
neutral	0.057	0.000	0.015	0.176	0.172	0.007	0.573
neutral	0.191	0.000	0.021	0.087	0.202	0.005	0.493
neutral	0.095	0.000	0.018	0.098	0.200	0.008	0.582
neutral	0.057	0.000	0.011	0.113	0.124	0.003	0.692
neutral	0.123	0.000	0.023	0.084	0.231	0.009	0.530
neutral	0.078	0.000	0.014	0.112	0.203	0.007	0.585
neutral	0.101	0.001	0.020	0.102	0.256	0.012	0.508
neutral	0.070	0.000	0.011	0.097	0.136	0.008	0.677
neutral	0.094	0.001	0.031	0.070	0.319	0.006	0.480
neutral	0.079	0.000	0.015	0.090	0.178	0.005	0.632
neutral	0.111	0.000	0.016	0.181	0.286	0.008	0.397
neutral	0.089	0.001	0.019	0.059	0.291	0.003	0.539
neutral	0.093	0.000	0.010	0.139	0.126	0.007	0.625
neutral	0.088	0.000	0.016	0.160	0.147	0.012	0.576
neutral	0.111	0.000	0.019	0.088	0.147	0.005	0.630
neutral	0.062	0.000	0.012	0.084	0.172	0.005	0.666
neutral	0.116	0.001	0.024	0.087	0.334	0.010	0.429
neutral	0.124	0.000	0.013	0.153	0.287	0.007	0.416
neutral	0.108	0.000	0.026	0.146	0.321	0.014	0.385
neutral	0.078	0.000	0.013	0.070	0.228	0.006	0.605
neutral	0.133	0.000	0.012	0.049	0.297	0.006	0.502
neutral	0.110	0.000	0.017	0.105	0.332	0.011	0.425
neutral	0.094	0.000	0.015	0.096	0.293	0.006	0.496
neutral	0.102	0.000	0.014	0.112	0.222	0.010	0.540
neutral	0.116	0.000	0.014	0.073	0.254	0.008	0.534
neutral	0.092	0.000	0.014	0.033	0.198	0.004	0.658
neutral	0.133	0.000	0.009	0.054	0.263	0.004	0.536
neutral	0.163	0.000	0.005	0.019	0.351	0.003	0.460
sad	0.242	0.000	0.010	0.033	0.387	0.005	0.323
sad	0.211	0.000	0.020	0.076	0.452	0.004	0.237
neutral	0.151	0.000	0.022	0.039	0.232	0.002	0.554
neutral	0.138	0.000	0.013	0.021	0.289	0.002	0.537
neutral	0.168	0.000	0.009	0.036	0.371	0.002	0.413
neutral	0.239	0.000	0.017	0.057	0.281	0.004	0.402
neutral	0.096	0.000	0.007	0.088	0.294	0.003	0.512
sad	0.172	0.000	0.007	0.035	0.410	0.001	0.374
neutral	0.163	0.000	0.014	0.038	0.389	0.001	0.394
neutral	0.276	0.001	0.016	0.014	0.273	0.004	0.418
neutral	0.198	0.002	0.073	0.030	0.280	0.026	0.391
neutral	0.139	0.001	0.057	0.038	0.366	0.009	0.389
sad	0.205	0.004	0.062	0.025	0.417	0.018	0.269
neutral	0.141	0.006	0.034	0.013	0.330	0.005	0.471
neutral	0.080	0.003	0.045	0.042	0.241	0.021	0.569
neutral	0.072	0.001	0.028	0.008	0.401	0.002	0.488
neutral	0.038	0.002	0.055	0.049	0.268	0.012	0.576
sad	0.043	0.001	0.080	0.019	0.474	0.010	0.372
sad	0.046	0.002	0.087	0.017	0.503	0.027	0.318
sad	0.083	0.001	0.032	0.006	0.563	0.006	0.308
sad	0.072	0.001	0.042	0.013	0.552	0.013	0.308
sad	0.103	0.000	0.018	0.006	0.570	0.005	0.298
sad	0.074	0.002	0.047	0.012	0.516	0.017	0.332
sad	0.117	0.000	0.012	0.005	0.495	0.005	0.366
sad	0.058	0.000	0.025	0.019	0.462	0.016	0.419
sad	0.130	0.000	0.042	0.006	0.505	0.005	0.311
sad	0.054	0.000	0.034	0.009	0.619	0.004	0.281
sad	0.095	0.000	0.028	0.015	0.543	0.007	0.313
sad	0.144	0.000	0.032	0.010	0.512	0.010	0.291
sad	0.165	0.000	0.026	0.007	0.516	0.010	0.274
sad	0.142	0.000	0.023	0.012	0.489	0.015	0.318
sad	0.095	0.000	0.045	0.012	0.476	0.011	0.360
sad	0.090	0.000	0.023	0.008	0.469	0.006	0.404
sad	0.122	0.000	0.021	0.019	0.507	0.008	0.323
sad	0.131	0.001	0.024	0.013	0.430	0.009	0.393
sad	0.106	0.001	0.021	0.021	0.493	0.008	0.350
sad	0.109	0.000	0.021	0.016	0.430	0.016	0.407
neutral	0.095	0.000	0.016	0.011	0.400	0.013	0.465
sad	0.097	0.001	0.039	0.033	0.472	0.010	0.348
neutral	0.117	0.001	0.022	0.036	0.381	0.012	0.432
sad	0.167	0.001	0.029	0.012	0.446	0.030	0.316
sad	0.179	0.000	0.043	0.008	0.481	0.014	0.274
neutral	0.132	0.001	0.019	0.035	0.355	0.012	0.446
sad	0.170	0.000	0.035	0.011	0.492	0.013	0.278
sad	0.089	0.000	0.021	0.017	0.557	0.004	0.312
sad	0.099	0.001	0.023	0.011	0.484	0.003	0.378
sad	0.152	0.000	0.038	0.021	0.498	0.015	0.276
sad	0.227	0.000	0.026	0.011	0.409	0.013	0.314
sad	0.191	0.000	0.037	0.032	0.432	0.015	0.293
sad	0.181	0.000	0.030	0.022	0.482	0.009	0.277
sad	0.178	0.002	0.050	0.041	0.472	0.035	0.224
sad	0.253	0.001	0.051	0.008	0.414	0.025	0.248
sad	0.162	0.001	0.043	0.008	0.446	0.008	0.333
sad	0.186	0.001	0.028	0.012	0.411	0.007	0.353
sad	0.180	0.001	0.030	0.028	0.417	0.026	0.318
neutral	0.153	0.001	0.029	0.040	0.346	0.018	0.413
sad	0.112	0.001	0.039	0.035	0.440	0.018	0.357
neutral	0.054	0.000	0.027	0.055	0.376	0.013	0.474
neutral	0.081	0.001	0.029	0.060	0.341	0.008	0.481
sad	0.075	0.001	0.040	0.032	0.446	0.009	0.397
sad	0.127	0.000	0.032	0.024	0.466	0.009	0.341
sad	0.138	0.002	0.034	0.100	0.440	0.018	0.269
sad	0.137	0.000	0.030	0.030	0.478	0.005	0.321
sad	0.109	0.002	0.055	0.118	0.414	0.024	0.277
sad	0.176	0.000	0.035	0.033	0.431	0.006	0.319
sad	0.180	0.000	0.021	0.137	0.334	0.008	0.320
neutral	0.112	0.000	0.020	0.034	0.307	0.005	0.522
neutral	0.058	0.000	0.028	0.219	0.295	0.007	0.392
neutral	0.090	0.000	0.013	0.053	0.285	0.003	0.557
neutral	0.062	0.000	0.011	0.089	0.143	0.001	0.694
neutral	0.083	0.000	0.027	0.061	0.245	0.002	0.581
neutral	0.065	0.000	0.014	0.055	0.265	0.003	0.597
neutral	0.084	0.000	0.009	0.025	0.367	0.003	0.512
neutral	0.068	0.000	0.008	0.051	0.207	0.004	0.661
neutral	0.061	0.000	0.009	0.017	0.229	0.002	0.681
neutral	0.060	0.000	0.010	0.052	0.157	0.002	0.719
neutral	0.108	0.000	0.013	0.029	0.332	0.003	0.514
neutral	0.118	0.000	0.009	0.034	0.302	0.003	0.533
neutral	0.042	0.000	0.008	0.062	0.233	0.003	0.651
sad	0.112	0.000	0.018	0.074	0.411	0.005	0.380
neutral	0.112	0.000	0.010	0.035	0.360	0.005	0.478
neutral	0.044	0.000	0.008	0.090	0.135	0.001	0.721
neutral	0.052	0.000	0.008	0.101	0.147	0.001	0.691
neutral	0.034	0.000	0.008	0.191	0.116	0.003	0.648
neutral	0.066	0.000	0.013	0.187	0.202	0.004	0.528
neutral	0.080	0.000	0.011	0.051	0.212	0.003	0.643
neutral	0.038	0.000	0.024	0.043	0.333	0.006	0.555
neutral	0.065	0.000	0.059	0.221	0.171	0.133	0.350
neutral	0.016	0.000	0.016	0.310	0.101	0.011	0.546
neutral	0.034	0.000	0.022	0.333	0.118	0.025	0.467
neutral	0.036	0.001	0.041	0.253	0.123	0.019	0.529
neutral	0.115	0.000	0.019	0.180	0.100	0.009	0.576
neutral	0.045	0.000	0.014	0.066	0.119	0.003	0.753
neutral	0.056	0.000	0.036	0.043	0.140	0.007	0.719
neutral	0.028	0.000	0.011	0.024	0.226	0.002	0.709
neutral	0.027	0.001	0.015	0.059	0.107	0.009	0.783
neutral	0.055	0.000	0.012	0.039	0.117	0.002	0.775
neutral	0.059	0.001	0.039	0.277	0.084	0.113	0.428
neutral	0.050	0.000	0.032	0.050	0.147	0.014	0.707
neutral	0.035	0.000	0.024	0.062	0.115	0.011	0.753
neutral	0.016	0.000	0.008	0.064	0.089	0.005	0.818
neutral	0.017	0.001	0.015	0.127	0.142	0.015	0.683
neutral	0.028	0.000	0.018	0.253	0.061	0.053	0.587
neutral	0.025	0.000	0.034	0.229	0.091	0.083	0.538
neutral	0.052	0.000	0.018	0.071	0.132	0.005	0.722
neutral	0.025	0.000	0.013	0.066	0.136	0.005	0.754
neutral	0.031	0.000	0.020	0.054	0.194	0.006	0.695
neutral	0.029	0.000	0.018	0.057	0.177	0.004	0.715
neutral	0.025	0.000	0.009	0.138	0.108	0.007	0.713
neutral	0.051	0.000	0.011	0.032	0.132	0.002	0.773
neutral	0.034	0.001	0.020	0.191	0.194	0.020	0.540
neutral	0.078	0.000	0.050	0.021	0.220	0.007	0.625
neutral	0.025	0.000	0.011	0.037	0.110	0.005	0.812
happy	0.091	0.001	0.034	0.360	0.080	0.080	0.354
neutral	0.060	0.001	0.029	0.220	0.140	0.045	0.506
neutral	0.111	0.000	0.019	0.019	0.149	0.003	0.699
neutral	0.034	0.000	0.017	0.051	0.106	0.019	0.772
neutral	0.018	0.000	0.016	0.153	0.115	0.017	0.681
neutral	0.021	0.000	0.021	0.272	0.116	0.037	0.533
neutral	0.055	0.000	0.011	0.087	0.123	0.004	0.721
neutral	0.020	0.000	0.009	0.083	0.100	0.002	0.786
neutral	0.023	0.001	0.017	0.313	0.102	0.019	0.525
neutral	0.010	0.000	0.011	0.374	0.085	0.010	0.510
neutral	0.089	0.001	0.028	0.314	0.093	0.092	0.384
happy	0.042	0.001	0.036	0.525	0.073	0.152	0.170
neutral	0.023	0.000	0.015	0.063	0.178	0.008	0.712
neutral	0.023	0.000	0.013	0.015	0.218	0.002	0.727
neutral	0.015	0.000	0.009	0.076	0.178	0.004	0.717
neutral	0.062	0.000	0.016	0.117	0.171	0.013	0.622
neutral	0.030	0.000	0.014	0.094	0.166	0.007	0.688
neutral	0.025	0.000	0.016	0.187	0.137	0.013	0.621
neutral	0.033	0.000	0.014	0.048	0.129	0.008	0.768
neutral	0.028	0.000	0.023	0.062	0.289	0.015	0.584
neutral	0.039	0.000	0.034	0.207	0.176	0.039	0.505
neutral	0.028	0.000	0.016	0.045	0.212	0.004	0.695
neutral	0.027	0.000	0.023	0.082	0.154	0.013	0.701
happy	0.036	0.000	0.017	0.428	0.104	0.076	0.338
happy	0.019	0.000	0.017	0.509	0.075	0.079	0.301
happy	0.026	0.000	0.029	0.415	0.064	0.104	0.362
neutral	0.010	0.000	0.004	0.309	0.076	0.003	0.600
neutral	0.013	0.000	0.004	0.082	0.110	0.003	0.788
neutral	0.013	0.000	0.012	0.050	0.106	0.009	0.809
neutral	0.042	0.000	0.026	0.034	0.145	0.008	0.745
neutral	0.071	0.001	0.034	0.042	0.200	0.010	0.641
neutral	0.031	0.000	0.009	0.033	0.113	0.003	0.811
neutral	0.053	0.000	0.013	0.234	0.099	0.057	0.544
happy	0.051	0.001	0.057	0.433	0.115	0.134	0.209
happy	0.030	0.000	0.048	0.382	0.111	0.123	0.306
neutral	0.022	0.000	0.012	0.181	0.144	0.005	0.636
neutral	0.037	0.000	0.019	0.077	0.146	0.005	0.716
neutral	0.031	0.000	0.013	0.057	0.248	0.002	0.649
neutral	0.028	0.000	0.019	0.075	0.173	0.003	0.703
neutral	0.091	0.000	0.025	0.024	0.191	0.004	0.664
neutral	0.105	0.000	0.032	0.060	0.160	0.005	0.639
neutral	0.048	0.000	0.033	0.068	0.199	0.007	0.646
neutral	0.082	0.000	0.025	0.026	0.162	0.006	0.700
neutral	0.033	0.000	0.025	0.036	0.164	0.004	0.737
neutral	0.037	0.000	0.018	0.037	0.215	0.002	0.691
neutral	0.066	0.000	0.036	0.035	0.213	0.006	0.645
neutral	0.042	0.000	0.030	0.039	0.230	0.003	0.656
neutral	0.065	0.000	0.043	0.032	0.215	0.010	0.636
neutral	0.109	0.000	0.049	0.024	0.186	0.008	0.624
neutral	0.032	0.000	0.023	0.041	0.182	0.003	0.720
neutral	0.111	0.000	0.041	0.022	0.207	0.012	0.609
neutral	0.103	0.000	0.051	0.034	0.218	0.009	0.585
neutral	0.125	0.000	0.035	0.034	0.162	0.009	0.635
neutral	0.120	0.000	0.057	0.019	0.244	0.009	0.551
neutral	0.161	0.000	0.047	0.060	0.241	0.011	0.481
neutral	0.158	0.000	0.034	0.046	0.217	0.007	0.537
neutral	0.182	0.000	0.046	0.037	0.246	0.008	0.480
neutral	0.187	0.000	0.039	0.032	0.323	0.009	0.410
neutral	0.103	0.000	0.041	0.056	0.259	0.006	0.535
neutral	0.119	0.000	0.032	0.094	0.308	0.003	0.442
neutral	0.189	0.000	0.049	0.056	0.331	0.010	0.364
neutral	0.238	0.000	0.050	0.043	0.257	0.011	0.403
neutral	0.173	0.000	0.048	0.078	0.334	0.009	0.357
sad	0.096	0.001	0.042	0.073	0.397	0.003	0.388
neutral	0.107	0.000	0.049	0.072	0.335	0.009	0.428
neutral	0.135	0.000	0.042	0.059	0.353	0.006	0.404
neutral	0.089	0.000	0.026	0.052	0.294	0.003	0.536
neutral	0.157	0.000	0.049	0.073	0.287	0.007	0.427
neutral	0.064	0.000	0.031	0.056	0.344	0.002	0.503
neutral	0.188	0.000	0.054	0.089	0.293	0.014	0.362
neutral	0.061	0.000	0.027	0.065	0.312	0.002	0.533
neutral	0.097	0.000	0.024	0.126	0.312	0.003	0.437
neutral	0.097	0.000	0.028	0.196	0.266	0.006	0.406
neutral	0.158	0.000	0.055	0.100	0.336	0.013	0.338
neutral	0.069	0.000	0.016	0.065	0.286	0.001	0.563
neutral	0.080	0.000	0.028	0.069	0.397	0.002	0.424
sad	0.165	0.000	0.068	0.094	0.337	0.012	0.323
neutral	0.107	0.000	0.039	0.110	0.317	0.005	0.423
neutral	0.108	0.000	0.052	0.085	0.341	0.008	0.406
neutral	0.120	0.000	0.034	0.090	0.373	0.003	0.380
neutral	0.049	0.000	0.018	0.028	0.374	0.001	0.531
neutral	0.045	0.000	0.021	0.019	0.352	0.001	0.563
neutral	0.112	0.000	0.034	0.106	0.346	0.003	0.399
neutral	0.080	0.000	0.033	0.069	0.303	0.003	0.511
neutral	0.052	0.000	0.033	0.104	0.250	0.003	0.558
neutral	0.074	0.000	0.022	0.096	0.267	0.003	0.538
neutral	0.060	0.000	0.021	0.027	0.369	0.002	0.522
neutral	0.053	0.000	0.018	0.021	0.390	0.001	0.517
neutral	0.073	0.000	0.027	0.087	0.326	0.002	0.485
neutral	0.101	0.001	0.033	0.115	0.367	0.004	0.379
neutral	0.071	0.000	0.028	0.140	0.312	0.003	0.444
neutral	0.071	0.000	0.021	0.130	0.302	0.003	0.473
neutral	0.057	0.000	0.013	0.039	0.287	0.002	0.601
neutral	0.065	0.000	0.013	0.050	0.246	0.002	0.624
neutral	0.070	0.000	0.017	0.047	0.284	0.003	0.579
neutral	0.095	0.000	0.029	0.074	0.320	0.003	0.479
neutral	0.090	0.000	0.039	0.066	0.310	0.003	0.491
neutral	0.092	0.000	0.043	0.072	0.305	0.006	0.482
neutral	0.043	0.000	0.022	0.061	0.216	0.001	0.656
sad	0.114	0.000	0.077	0.050	0.381	0.006	0.371
neutral	0.059	0.000	0.045	0.043	0.231	0.003	0.619
neutral	0.030	0.000	0.017	0.069	0.112	0.002	0.771
neutral	0.114	0.000	0.049	0.132	0.197	0.007	0.500
neutral	0.122	0.000	0.022	0.043	0.193	0.004	0.616
neutral	0.182	0.000	0.045	0.064	0.288	0.006	0.414
neutral	0.054	0.000	0.032	0.117	0.168	0.002	0.626
neutral	0.061	0.000	0.016	0.018	0.301	0.002	0.602
neutral	0.067	0.000	0.023	0.013	0.259	0.001	0.636
neutral	0.083	0.000	0.036	0.076	0.254	0.002	0.549
neutral	0.083	0.000	0.040	0.082	0.278	0.003	0.514
sad	0.117	0.000	0.071	0.159	0.327	0.008	0.318
neutral	0.049	0.000	0.027	0.120	0.245	0.002	0.556
neutral	0.070	0.000	0.019	0.114	0.228	0.004	0.565
neutral	0.051	0.000	0.027	0.063	0.249	0.003	0.608
neutral	0.064	0.000	0.015	0.040	0.313	0.002	0.566
neutral	0.143	0.000	0.014	0.067	0.355	0.006	0.415
neutral	0.105	0.000	0.023	0.080	0.355	0.009	0.427
neutral	0.079	0.000	0.022	0.091	0.244	0.006	0.558
neutral	0.085	0.000	0.017	0.055	0.226	0.012	0.605
neutral	0.117	0.000	0.030	0.088	0.282	0.006	0.476
neutral	0.108	0.000	0.023	0.195	0.259	0.006	0.410
neutral	0.064	0.000	0.025	0.120	0.201	0.004	0.586
neutral	0.090	0.000	0.024	0.125	0.280	0.004	0.477
neutral	0.102	0.000	0.022	0.025	0.253	0.002	0.595
neutral	0.113	0.000	0.029	0.031	0.291	0.002	0.533
neutral	0.129	0.000	0.032	0.055	0.336	0.003	0.445
sad	0.108	0.000	0.044	0.054	0.416	0.005	0.374
neutral	0.103	0.000	0.016	0.048	0.207	0.003	0.623
neutral	0.115	0.000	0.036	0.060	0.321	0.003	0.464
neutral	0.094	0.000	0.036	0.107	0.337	0.004	0.422
neutral	0.090	0.000	0.020	0.065	0.279	0.003	0.541
neutral	0.038	0.000	0.027	0.076	0.211	0.002	0.646
neutral	0.042	0.000	0.026	0.071	0.184	0.003	0.675
neutral	0.097	0.001	0.017	0.070	0.248	0.003	0.564
neutral	0.071	0.000	0.025	0.050	0.261	0.007	0.585
neutral	0.066	0.000	0.036	0.078	0.285	0.008	0.528
sad	0.149	0.000	0.053	0.079	0.382	0.006	0.331
neutral	0.047	0.000	0.024	0.107	0.150	0.004	0.668
neutral	0.098	0.000	0.044	0.075	0.300	0.005	0.479
neutral	0.074	0.000	0.020	0.084	0.246	0.002	0.574
neutral	0.033	0.000	0.022	0.087	0.172	0.002	0.684
neutral	0.093	0.000	0.025	0.056	0.348	0.003	0.474
neutral	0.131	0.000	0.052	0.059	0.324	0.006	0.428
neutral	0.100	0.001	0.028	0.102	0.281	0.005	0.483
neutral	0.110	0.000	0.030	0.090	0.313	0.005	0.452
neutral	0.101	0.000	0.039	0.056	0.314	0.005	0.485
sad	0.186	0.000	0.064	0.053	0.358	0.009	0.329
neutral	0.088	0.000	0.015	0.113	0.188	0.004	0.593
sad	0.119	0.000	0.036	0.058	0.447	0.005	0.335
neutral	0.135	0.000	0.034	0.073	0.371	0.005	0.381
neutral	0.106	0.000	0.031	0.086	0.375	0.005	0.397
sad	0.122	0.000	0.034	0.063	0.432	0.006	0.342
neutral	0.205	0.000	0.049	0.071	0.206	0.011	0.459
neutral	0.145	0.000	0.054	0.062	0.320	0.010	0.408
neutral	0.091	0.000	0.037	0.116	0.356	0.005	0.395
neutral	0.071	0.000	0.042	0.078	0.268	0.004	0.537
neutral	0.081	0.001	0.044	0.053	0.331	0.005	0.485
neutral	0.118	0.001	0.055	0.043	0.384	0.008	0.392
neutral	0.086	0.000	0.029	0.164	0.289	0.005	0.426
neutral	0.115	0.000	0.034	0.124	0.351	0.005	0.370
neutral	0.094	0.000	0.049	0.066	0.224	0.009	0.557
sad	0.201	0.000	0.090	0.046	0.389	0.012	0.261
neutral	0.197	0.000	0.082	0.038	0.309	0.011	0.361
neutral	0.095	0.000	0.053	0.057	0.255	0.007	0.534
sad	0.151	0.000	0.051	0.096	0.357	0.004	0.340
neutral	0.051	0.000	0.041	0.056	0.232	0.003	0.618
neutral	0.088	0.000	0.046	0.058	0.281	0.005	0.521
neutral	0.116	0.000	0.063	0.047	0.345	0.007	0.421
neutral	0.062	0.000	0.041	0.140	0.313	0.004	0.440
neutral	0.248	0.000	0.078	0.044	0.278	0.014	0.338
neutral	0.122	0.000	0.040	0.034	0.309	0.005	0.490
neutral	0.079	0.000	0.031	0.133	0.277	0.004	0.476
neutral	0.145	0.000	0.060	0.081	0.212	0.014	0.488
neutral	0.116	0.000	0.046	0.036	0.363	0.007	0.432
neutral	0.086	0.000	0.033	0.082	0.390	0.004	0.405
neutral	0.079	0.000	0.038	0.052	0.290	0.005	0.536
neutral	0.122	0.000	0.052	0.049	0.385	0.006	0.385
neutral	0.075	0.000	0.040	0.065	0.275	0.002	0.543
neutral	0.152	0.000	0.073	0.044	0.360	0.008	0.362
neutral	0.050	0.000	0.025	0.074	0.223	0.008	0.619
sad	0.148	0.000	0.077	0.033	0.445	0.007	0.290
sad	0.133	0.001	0.064	0.044	0.411	0.008	0.340
neutral	0.079	0.000	0.028	0.045	0.273	0.004	0.571
neutral	0.155	0.000	0.068	0.047	0.336	0.006	0.388
neutral	0.106	0.000	0.094	0.061	0.364	0.008	0.366
neutral	0.093	0.000	0.055	0.060	0.371	0.004	0.416
neutral	0.098	0.000	0.056	0.062	0.371	0.005	0.406
neutral	0.122	0.000	0.085	0.054	0.359	0.008	0.372
neutral	0.071	0.000	0.040	0.064	0.245	0.002	0.577
sad	0.175	0.000	0.099	0.026	0.375	0.007	0.318
neutral	0.095	0.001	0.034	0.076	0.361	0.004	0.431
neutral	0.176	0.000	0.068	0.058	0.307	0.011	0.380
neutral	0.169	0.000	0.068	0.063	0.336	0.009	0.354
neutral	0.084	0.001	0.039	0.080	0.281	0.004	0.511
sad	0.148	0.000	0.083	0.048	0.366	0.007	0.349
neutral	0.118	0.000	0.067	0.120	0.256	0.007	0.432
neutral	0.073	0.000	0.041	0.092	0.276	0.011	0.507
neutral	0.093	0.000	0.042	0.059	0.398	0.006	0.402
neutral	0.055	0.000	0.032	0.037	0.256	0.003	0.617
neutral	0.084	0.000	0.035	0.061	0.380	0.004	0.435
neutral	0.058	0.000	0.030	0.066	0.250	0.005	0.592
neutral	0.051	0.000	0.021	0.049	0.311	0.005	0.562
neutral	0.067	0.000	0.018	0.080	0.242	0.007	0.587
neutral	0.061	0.000	0.023	0.136	0.258	0.003	0.519
neutral	0.056	0.000	0.029	0.053	0.243	0.004	0.615
sad	0.114	0.000	0.068	0.029	0.398	0.004	0.387
neutral	0.083	0.000	0.025	0.029	0.267	0.002	0.593
neutral	0.134	0.000	0.061	0.030	0.328	0.005	0.442
neutral	0.077	0.000	0.028	0.034	0.262	0.004	0.595
sad	0.169	0.000	0.066	0.033	0.433	0.008	0.291
neutral	0.228	0.000	0.049	0.047	0.293	0.014	0.368
neutral	0.209	0.000	0.045	0.046	0.304	0.008	0.387
sad	0.160	0.000	0.060	0.045	0.429	0.006	0.300
neutral	0.193	0.000	0.041	0.049	0.334	0.008	0.375
neutral	0.098	0.001	0.037	0.060	0.351	0.002	0.451
neutral	0.070	0.000	0.024	0.098	0.278	0.002	0.529
neutral	0.117	0.000	0.045	0.072	0.310	0.004	0.452
neutral	0.104	0.001	0.026	0.044	0.291	0.002	0.532
neutral	0.090	0.000	0.026	0.086	0.312	0.006	0.481
neutral	0.069	0.000	0.028	0.085	0.301	0.002	0.514
sad	0.092	0.000	0.052	0.082	0.412	0.005	0.356
neutral	0.092	0.000	0.054	0.044	0.373	0.003	0.433
neutral	0.078	0.001	0.027	0.050	0.292	0.003	0.550
neutral	0.081	0.000	0.025	0.015	0.276	0.002	0.601
neutral	0.085	0.000	0.044	0.162	0.298	0.005	0.406
neutral	0.078	0.000	0.028	0.089	0.186	0.008	0.611
neutral	0.083	0.000	0.049	0.033	0.329	0.003	0.503
neutral	0.118	0.001	0.029	0.103	0.317	0.007	0.427
neutral	0.134	0.000	0.029	0.022	0.381	0.003	0.430
neutral	0.117	0.001	0.045	0.069	0.340	0.003	0.425
neutral	0.063	0.000	0.015	0.038	0.256	0.002	0.625
sad	0.092	0.000	0.042	0.064	0.410	0.002	0.390
neutral	0.091	0.000	0.030	0.094	0.345	0.003	0.438
neutral	0.096	0.001	0.021	0.060	0.367	0.004	0.453
